  1 4 114.842  45.103  0.078292  2.620 25.018 348.679 14.719 0 230.282935  1.328269  1    1.000000 ************     0.037275    87.756597
  2 4 116.577  22.020  0.046817  4.090 25.289 274.092 14.289 0 138.758218  1.860876  1    0.000000 92313.200000     0.030544    82.543708
  3 4 117.288  21.762  0.024476  9.769 26.134 136.700 13.359 0  72.920958  2.570684  1    0.000000 ************     0.116391   103.608818
  4 5 117.794  50.217  0.021810  5.095 23.789 409.803 12.839 0  65.016463  2.802189  1    1.000000 55581.500000     0.012300    48.176819
  5 4 118.709  45.713  0.053666  1.065 22.685 515.812 14.645 0 158.797107  1.156015  1    1.000000 34045.100000     0.005986    24.597479
  6 4 119.190  45.886  0.054922  1.200 22.297 461.528 14.072 0 162.464435  1.151755  1    1.000000 34610.100000     0.006801    28.362265
  7 4 119.959  18.425  0.042135  3.291 25.048 393.528 14.272 0 125.020395  1.788786  1    0.000000 91772.600000     0.021149    59.835669
  8 4 119.969  24.037  0.047932  3.174 24.845 125.703 14.303 0 142.025122  1.671717  1    0.000000 88467.600000     0.063826    65.574244
  9 4 120.355  27.240  0.048037  4.784 25.242 356.045 13.942 0 142.332714  2.152467  1    0.000000 ************     0.036739    99.029406
 10 6 120.491   9.561  0.016655 22.096 26.218 297.232 11.471 0  49.703361  2.940728  1    1.000000 ************     0.041174   159.737404
 11 4 120.762  39.901  0.041515  3.908 24.733 163.667 13.968 0 123.198831  1.640845  1    0.000000 95052.000000     0.052670    70.019815
 12 4 120.805   8.230  0.051395  5.070 25.534 364.532 14.014 0 152.160109  1.582954  1    0.000000 ************     0.037521   112.210706
 13 6 121.292  46.720  0.023119  9.662 26.292 176.800 13.211 0  68.898830  2.692216  1    0.000000 50903.800000     0.026111    96.822550
 14 4 121.367  37.543  0.034293  2.042 23.211 167.124 13.760 0 101.939601  1.132618  1    0.000000 38698.300000     0.021000    30.269678
 15 8 121.735  19.795  0.038854  9.608 26.325 480.834 13.744 0 115.374479  1.609628  1    0.000000 ************     0.030293   161.226636
 16 6 122.056   9.029  0.053545  3.489 24.517 148.746 13.972 0 158.443623  1.164186  1    0.000000 81042.400000     0.049411    80.394620
 17 4 123.478   9.701  0.052687  2.495 24.840 281.363 14.602 0 155.936832  1.287538  1    0.000000 69527.400000     0.022410    56.587844
 18 4 124.236  27.607  0.040713  5.506 26.195  67.990 14.579 0 120.841775  1.262188  1    0.000000 ************     0.171563    96.773807
 19 7 125.295  35.802  0.061716  6.357 25.997 436.323 14.141 0 182.262584  1.775089  1    1.000000 ************     0.035200   168.520960
 20 4 125.926  21.380  0.018345  6.647 25.062 175.749 13.012 0  54.727751  2.841637  1    1.000000 91377.600000     0.047153    52.905417
 21 4 126.573  17.360  0.066737  4.854 26.245 257.581 14.730 0 196.850734  1.644209  1    0.000000 ************     0.058714   138.981227
 22 8 126.778  18.005  0.058495  4.348 25.199 338.741 14.635 0 172.884755  1.937539  1    0.000000 97207.700000     0.026025   109.326988
 23 4 127.656  58.059  0.046261  2.673 24.961 205.941 14.611 0 137.128456  2.974891  1    0.000000 56717.100000     0.024976    53.319423
 24 4 127.927  39.668  0.057860  1.748 23.791 361.103 14.756 0 171.034166  1.353658  1    0.000000 45568.300000     0.011444    43.488666
 25 4 128.713  44.633  0.037984  5.716 26.183 144.009 14.213 0 112.814170  1.401570  1    0.000000 98771.200000     0.062201    93.784797
 26 4 129.087  54.008  0.031324  5.409 25.828 231.775 13.863 0  93.178015  1.191493  1    0.000000 ************     0.044650    73.300578
 27 4 129.942  52.994  0.046097  4.803 26.004 290.463 14.717 0 136.647707  2.482825  1    1.000000 ************     0.042899    95.465733
 28 4 130.625  52.782  0.045514  5.593 25.405 116.481 13.422 0 134.938193  2.474419  1    1.000000 ************     0.095810   109.758092
 29 4 130.857  36.219  0.053918  3.958 25.084 263.107 14.296 0 159.533023  1.593916  1    1.000000 ************     0.042729    91.842919
 30 5 131.451  53.977  0.030977  5.341 25.210 156.946 13.549 0  92.153161  1.300123  1    0.000000 56094.200000     0.032413    71.592706
 31 4 132.507   2.611  0.060467  5.496 26.174 133.067 14.202 0 178.627903  1.873744  1    0.000000 ************     0.121240   142.776418
 32 5 132.598  55.399  0.031202  8.708 25.984 224.194 13.231 0  92.817703  1.468472  1    0.000000 ************     0.045634   117.563613
 33 4 132.682   1.325  0.043193  3.089 24.393  68.035 14.111 0 128.127534  1.125688  1    0.000000 58722.100000     0.078276    57.559015
 34 4 134.102  14.547  0.071076  3.911 25.676 357.531 14.425 0 209.427722  1.316494  1    1.000000 ************     0.038484   119.126116
 35 5 134.280  39.994  0.097295  3.444 25.441 229.078 14.596 0 284.838356  2.410212  1    0.000000 ************     0.066488   142.698498
 36 4 134.552  17.577  0.049512  6.109 26.139 295.970 13.943 0 146.651384  1.176317  1    0.000000 ************     0.054460   130.297106
 37 5 136.240  17.455  0.029005  3.758 24.103 335.047 13.130 0  86.325718  1.754533  1    0.000000 50264.200000     0.013605    47.186982
 38 5 136.272  18.362  0.014890 17.543 26.082 397.757 11.829 0  44.451637  2.467124  1    1.000000 ************     0.034968   113.416158
 39 4 136.311  28.257  0.027659  3.829 25.111 112.488 13.933 0  82.344976  1.592498  1    0.000000 58254.000000     0.046965    45.858082
 40 5 137.510  50.358  0.016991 13.107 25.779 179.537 12.631 0  50.702622  2.218678  1    1.000000 ************     0.050713    96.657573
 41 4 138.949  10.162  0.031755  5.768 25.499 149.689 13.688 0  94.450700  1.272568  1    0.000000 82822.900000     0.050179    79.237240
 42 4 139.129  30.867  0.024047  8.376 25.509  73.143 12.779 0  71.649702  1.703713  1    1.000000 90174.900000     0.111808    87.288631
 43 4 139.185  27.367  0.047856  2.571 24.644 432.808 14.584 0 141.802482  1.219763  1    0.000000 62257.800000     0.013045    53.017185
 44 4 139.219  43.701  0.029333  2.536 23.778 514.923 13.825 0  87.295379  1.635134  1    0.000000 36679.700000     0.006460    32.195234
 45 4 139.228  29.355  0.037095  6.212 26.001 204.675 14.300 0 110.196733  0.781540 -1    0.000000 ************     0.049488    99.560812
 46 4 140.552  33.893  0.024263  5.420 24.989 537.413 12.978 0  72.289798  1.652088  1    1.000000 59774.100000     0.010087    56.983833
 47 4 140.871  22.317  0.031390  1.468 22.769 315.586 14.164 0  93.372906  1.574346  1    0.000000 31225.300000     0.008973    19.932641
 48 4 140.915  24.479  0.034653  5.389 25.323 350.234 13.577 0 103.001108  1.244475  1    0.000000 ************     0.030079    80.735373
 49 4 141.229  42.152  0.048164  2.561 24.712 517.897 14.392 0 142.704648  1.189549  1    0.000000 54211.900000     0.009493    53.159799
 50 4 141.615  22.100  0.026841  4.541 25.009  56.184 13.771 0  79.924484  1.691494  1    1.000000 61977.300000     0.100041    52.783443
 51 5 141.814  23.037  0.030227  4.762 24.610 493.011 13.295 0  89.937496  1.667420  1    0.000000 66230.000000     0.012183    62.284628
 52 4 141.990  30.010  0.027545  3.558 23.585 386.384 12.580 0  82.007692  1.603313  1    1.000000 51428.400000     0.012071    42.443613
 53 5 142.451  21.429  0.035077  6.959 25.793 159.649 13.890 0 104.251096  1.570669  1    0.000000 80514.100000     0.045737   105.521959
 54 4 143.804  24.597  0.062298  2.189 24.531 226.716 14.534 0 183.955392  1.422226  1    0.000000 66778.200000     0.026712    58.555332
 55 5 144.433  17.083  0.028685  6.357 26.070 400.455 14.302 0  85.379567  1.890242  1    1.000000 ************     0.023145    78.943458
 56 5 144.441  23.184  0.025997  7.815 25.857 111.804 13.688 0  77.426039  1.364924  1    1.000000 ************     0.104506    88.009620
 57 4 145.466  14.954  0.026852  3.390 24.729 196.805 14.057 0  79.957043  1.795712  1    1.000000 50321.100000     0.023189    39.427432
 58 5 145.623   4.293  0.029997  8.371 25.925 273.703 13.156 0  89.257889  1.884690  1    0.000000 ************     0.042040   108.674950
 59 4 145.967  11.028  0.022112  6.965 25.447 206.422 13.267 0  65.912383  1.994066  1    1.000000 92980.500000     0.040850    66.764844
 60 4 146.028  42.638  0.018683  5.637 25.463 102.003 13.381 0  55.732140  2.151723  1    1.000000 52432.300000     0.046617    45.693171
 61 4 146.328  34.703  0.041539  1.779 23.913 119.125 14.468 0 123.269353  1.664925  1    0.000000 36207.500000     0.027565    31.901644
 62 5 146.723  22.071  0.026037 10.681 25.583 160.044 12.775 0  77.544474  1.222858  1    1.000000 ************     0.061486   120.459118
 63 4 147.415  34.680  0.039793  6.563 25.304  91.842 12.987 0 118.136666  1.448142  1    0.000000 ************     0.199390   112.771353
 64 4 147.441   9.084  0.018945 10.461 25.915 213.232 13.059 0  56.510577  2.291785  1    1.000000 88690.200000     0.037721    85.977996
 65 4 147.584  25.806  0.054059  6.526 26.293 335.489 14.195 0 159.944783  1.592298  1    0.000000 ************     0.058180   151.809677
 67 4 148.269  19.402  0.025965  4.915 24.486 309.781 12.833 0  77.331291  1.251320  1    1.000000 55494.900000     0.016246    55.284815
 68 6 148.307   7.837  0.041758  5.465 25.747 227.326 14.572 0 123.912863  1.371786  1    1.000000 ************     0.054199    98.487289
 69 4 149.088  20.501  0.025606  3.031 23.636 229.455 13.517 0  76.268244  1.111008  1    1.000000 46865.300000     0.018523    33.618969
 70 4 149.096  37.633  0.023408  5.667 25.746 111.861 14.182 0  69.755649  1.318259  1    1.000000 77496.200000     0.062829    57.496419
 71 5 150.640  32.711  0.051116  1.277 22.488 219.992 13.799 0 151.344170  1.641165  1    0.000000 39427.400000     0.016254    28.118162
 72 4 150.868  37.457  0.022474  2.878 24.370 397.549 14.190 0  66.986132  1.297877  1    1.000000 38493.500000     0.008781    28.035415
 73 4 151.012  31.098  0.022236 12.331 26.277 243.871 12.448 0  66.280200  1.008712  0    1.000000 ************     0.061933   118.873784
 74 4 151.089   0.506  0.047548  3.568 25.129 241.973 14.355 0 140.900205  2.425917  1    0.000000 ************     0.044263    73.118827
 75 6 151.277  46.702  0.025054  6.733 25.760 236.913 13.955 0  74.633350  1.966258  1    1.000000 ************     0.041959    73.086415
 76 4 151.282   0.609  0.063715  3.971 25.906 164.633 14.542 0 188.074882  2.468049  1    0.000000 ************     0.093845   108.620327
 77 4 151.406   0.588  0.022261  8.486 25.650 126.185 13.512 0  66.354353  2.616495  1    1.000000 92027.600000     0.066141    81.894863
 78 4 152.854  37.891  0.054448  1.904 24.052 138.042 14.701 0 161.080739  1.449823  1    0.000000 57540.300000     0.037802    44.598996
 79 4 153.490  38.664  0.021676  3.997 23.635 274.244 13.043 0  64.618884  1.380009  1    1.000000 38090.600000     0.012596    37.567588
 80 4 153.527  14.457  0.030741  9.423 25.961 143.617 13.399 0  91.456053  1.888666  1    1.000000 ************     0.080848   125.337341
 81 6 153.804  60.142  0.072774  2.795 24.548 324.665 14.585 0 214.342180  2.142369  1    0.000000 83912.800000     0.023440    87.141407
 82 4 154.469  37.165  0.045320  5.994 26.268 183.603 14.082 0 134.369199  1.968716  1    0.000000 ************     0.061868   117.138379
 83 5 154.561  48.897  0.062183  4.205 25.763 173.405 14.565 0 183.620903  1.147248  1    1.000000 ************     0.069014   112.290046
 84 4 154.743  16.130  0.029872  5.943 25.546 162.478 13.509 0  88.888472  1.590962  1    1.000000 86675.500000     0.048379    76.832824
 85 4 154.841  49.084  0.056872  4.009 25.498 336.656 14.314 0 168.153750  1.049933  0    1.000000 ************     0.027534    98.048000
 86 4 155.276   0.656  0.055187  3.240 25.337 212.650 14.565 0 163.238004  2.144767  1    0.000000 ************     0.052483    76.925402
 87 4 155.542  38.522  0.056034  1.100 22.372 540.094 14.281 0 165.709516  1.396354  1    0.000000 26630.800000     0.004472    26.519060
 88 6 155.830  12.835  0.033385  5.965 25.068 253.595 13.359 0  99.261416  1.868234  1    1.000000 93818.300000     0.033551    86.114591
 89 4 156.124  41.716  0.045943  3.442 24.470 710.808 13.568 0 136.196142  1.884381  1    0.000000 98701.700000     0.012593    68.177224
 90 4 156.212   9.577  0.046883  2.264 23.970  40.369 14.097 0 138.951626  1.753676  1    1.000000 48793.500000     0.109616    45.761339
 91 4 156.412  10.364  0.047487  5.129 25.930 357.672 14.299 0 140.721507  1.823016  1    1.000000 ************     0.030944   104.972811
 92 5 156.469  13.729  0.032938  3.354 23.944 219.522 13.571 0  97.942534  2.055434  1    1.000000 60512.100000     0.024999    47.784260
 93 4 156.632  10.936  0.033481  4.497 25.480 387.207 14.333 0  99.544647  1.691949  1    1.000000 86662.800000     0.020298    65.115366
 94 5 156.758  16.074  0.034685  6.827 25.267 174.533 13.552 0 103.095453  2.207833  1    1.000000 ************     0.056057   102.370261
 95 4 156.893   1.218  0.023396  5.461 25.054 100.423 13.549 0  69.720074  2.486736  1    1.000000 62301.300000     0.056263    55.378711
 96 6 157.238   8.496  0.048633  3.164 24.362 289.758 14.103 0 144.078118  2.126316  1    0.000000 79856.600000     0.024994    66.301376
 97 4 157.256   3.130  0.073808  1.631 23.888 281.499 14.719 0 217.332682  1.440172  1    1.000000 75463.200000     0.024312    51.570258
 98 4 157.288  37.562  0.051462  4.873 26.065  92.552 14.439 0 152.356051  1.506022  1    1.000000 ************     0.150047   107.992212
 99 4 157.580  21.191  0.043576  4.328 25.284 180.988 13.844 0 129.251966  1.809604  1    1.000000 ************     0.054322    81.354997
100 7 157.811  25.954  0.021455 12.225 26.114 166.508 13.382 0  63.963137  0.891238 -1    1.000000 ************     0.091463   113.725090
101 4 158.548  61.624  0.031319  2.042 23.001 232.584 13.358 0  93.163251  2.177082  1    0.000000 39553.900000     0.015423    27.668717
102 4 158.563  56.713  0.044944  3.457 25.487 324.817 14.766 0 133.266318  2.345641  1    0.000000 86363.100000     0.024113    67.010087
103 4 158.754   4.804  0.031070  3.852 25.404 192.152 14.329 0  92.427838  1.930729  1    1.000000 95866.200000     0.045246    51.782195
104 4 158.940  21.071  0.023768  2.757 24.035 217.066 13.667 0  70.822789  0.700235 -1    1.000000 44269.600000     0.018496    28.399564
105 4 159.170   5.538  0.030780  4.581 25.463 246.459 14.077 0  91.571264  2.032452  1    1.000000 84201.300000     0.030984    61.013138
106 4 159.817  -0.305  0.019944 12.739 26.184  37.480 12.528 0  59.477834  2.491688  1    1.000000 ************     0.408808   110.204123
107 4 160.091   6.856  0.031500  5.246 25.949  45.398 14.678 0  93.697725  2.007880  1    1.000000 98274.700000     0.196319    71.495192
108 4 160.829  57.681  0.046905  4.595 25.920 156.162 14.332 0 139.016095  2.485877  1    1.000000 ************     0.080656    92.914936
109 4 160.943  55.795  0.026716  4.183 25.096 137.747 14.412 0  79.554506  2.256645  1    0.000000 61920.300000     0.040767    48.402266
110 4 161.963  30.659  0.035172  5.572 25.666 287.327 14.240 0 104.531116  1.943824  1    0.000000 92024.700000     0.029046    84.711813
111 5 162.307  29.856  0.032533  6.732 25.978  47.751 13.810 0  96.747332  1.613806  1    1.000000 ************     0.230769    94.730254
112 4 162.523   0.330  0.040880  4.109 24.700 437.002 13.455 0 121.332626  1.998848  1    1.000000 73103.200000     0.015171    72.512485
113 5 162.866   3.650  0.043081  3.995 25.187 189.222 14.360 0 127.798718  1.743449  1    1.000000 43012.200000     0.020615    74.260016
114 5 162.969  50.934  0.025639 11.221 26.151 527.630 13.141 0  76.365969  2.256220  1    1.000000 ************     0.025149   124.626789
115 4 164.292   5.079  0.057789  4.101 25.941 297.490 14.735 0 170.827226  1.390985  1    1.000000 ************     0.044643   101.882775
116 4 164.637   1.398  0.041938  3.540 24.788 425.453 14.065 0 124.441695  1.909808  1    1.000000 98561.400000     0.021010    64.068184
117 4 164.814   5.242  0.036986  6.036 25.868 378.260 13.725 0 109.875762  2.069187  1    1.000000 ************     0.032966    96.455719
118 4 165.179  10.493  0.037613  7.283 25.168 486.724 13.322 0 111.721970  1.443997  1    1.000000 ************     0.031414   118.346754
119 5 165.325   9.287  0.037379  3.253 24.694 163.388 14.445 0 111.033026  1.657640  1    1.000000 56845.600000     0.031553    52.528459
120 4 165.544  37.968  0.029501  4.276 25.434  54.741 14.367 0  87.791975  1.546160  1    1.000000 74702.000000     0.123759    54.599504
121 4 166.210   4.294  0.026376  4.308 24.429  75.405 13.337 0  78.548092  2.397340  1    1.000000 54976.900000     0.066121    49.218570
122 4 166.545   9.066  0.075469  2.473 24.705 187.532 14.661 0 222.133163  1.268098  1    1.000000 92476.900000     0.044721    79.887951
123 4 166.705  14.225  0.046457  2.762 24.264 555.866 14.027 0 137.703002  1.724671  1    1.000000 79616.800000     0.012989    55.313663
124 5 167.036  55.903  0.050675  4.563 25.735 222.015 14.375 0 150.054352  1.766733  1    1.000000 ************     0.046366    99.596101
125 4 167.105  31.981  0.048668  4.790 25.527 194.681 14.451 0 144.180615  1.281863  1    1.000000 ************     0.050539   100.437834
126 5 167.291  26.634  0.038628  7.253 26.125 130.943 13.841 0 114.709493  1.623199  1    1.000000 ************     0.102477   121.008974
127 4 167.471  21.961  0.033897  5.002 25.500 324.508 14.310 0 100.771737  1.904476  1    1.000000 90337.100000     0.025246    73.312887
128 4 167.508  36.979  0.030704  4.741 24.699 193.058 13.863 0  91.346750  1.735913  1    1.000000 96698.700000     0.045425    62.987662
129 4 167.781  39.608  0.079121  2.503 24.390 406.171 14.354 0 232.674098  1.847343  1    1.000000 ************     0.023265    84.688216
130 4 167.818   3.943  0.053775  3.509 25.229 318.944 14.327 0 159.115423  1.368642  1    0.000000 99924.000000     0.028413    81.207636
131 4 168.023  27.579  0.035825  1.592 22.358 432.993 13.138 0 106.455619  2.127260  1    0.000000 37116.800000     0.007774    24.653447
132 4 168.044  35.454  0.025280  4.621 24.614 204.225 12.985 0  75.302753  1.097324  0    1.000000 54921.200000     0.024389    50.612949
133 4 168.171  23.270  0.023730  4.644 24.809 365.694 13.643 0  70.710161  0.957694  0    1.000000 69980.000000     0.017355    47.766163
134 4 168.348   2.552  0.079190  1.426 23.319 691.980 14.703 0 232.873020  1.547918  1    1.000000 59047.900000     0.007739    48.291142
135 4 168.367  59.928  0.036492  2.660 24.520 122.070 14.502 0 108.420748  0.956546  0    0.000000 55398.600000     0.041157    41.952885
136 4 168.481  39.421  0.076536  2.505 24.857 366.093 14.599 0 225.214879  2.181588  1    1.000000 99314.900000     0.024603    82.054370
137 5 168.750   4.098  0.040665  3.266 24.572 374.481 13.926 0 120.700662  1.759304  1    0.000000 55775.400000     0.013507    57.336369
138 5 170.227   0.462  0.025555  9.030 26.035  52.071 13.856 0  76.117213  2.582621  1    1.000000 ************     0.184907    99.969542
139 6 170.591  24.309  0.026190  4.067 23.816 228.615 13.160 0  77.997466  1.098577  0    1.000000 62663.100000     0.024858    46.133572
140 6 170.643  59.297  0.050747  2.391 24.696 238.909 14.669 0 150.264991  1.297963  1    1.000000 87340.500000     0.033155    52.244840
141 4 170.778  56.191  0.067374  2.238 24.275 138.851 14.752 0 198.698824  2.148784  1    1.000000 76250.500000     0.049803    64.679376
142 4 171.049  37.978  0.036431  4.868 25.628  86.306 14.017 0 108.241069  1.114988  1    0.000000 ************     0.115889    76.632255
143 5 171.119  55.957  0.053552  7.660 26.155 274.227 14.053 0 158.464072  1.646207  1    1.000000 ************     0.086523   176.555446
144 6 171.339  32.292  0.045048  6.598 25.796 172.926 14.314 0 133.571370  1.511855  1    1.000000 ************     0.075360   128.171341
145 4 171.600  52.150  0.034295  5.339 25.190 109.799 13.251 0 101.945499  1.246420  1    0.000000 ************     0.105509    79.160808
146 5 171.630  54.786  0.047431  1.632 23.697 103.918 14.732 0 140.557457  2.415436  1    1.000000 41488.100000     0.036207    33.372030
147 4 171.926  36.079  0.035423  4.084 24.654  68.082 13.600 0 105.270960  1.498845  1    0.000000 99853.700000     0.133013    62.530267
148 4 172.839  56.461  0.060904  2.610 24.747 319.877 14.414 0 179.899894  1.700251  1    1.000000 89147.700000     0.025275    68.290964
149 5 173.166  52.940  0.027669  2.100 23.247 107.215 14.102 0  82.374558  2.178988  1    1.000000 22839.100000     0.019319    25.164735
150 4 173.340  34.291  0.029352  4.620 24.899 661.627 13.911 0  87.351542  1.719082  1    1.000000 62088.700000     0.008511    58.696749
151 4 173.642  18.393  0.084869  4.534 25.904 268.969 14.419 0 249.224880  1.279052  1    0.000000 ************     0.065095   164.349057
152 4 173.655  48.960  0.031594  3.078 24.305 828.015 13.967 0  93.975297  1.676283  1    1.000000 63560.400000     0.006962    42.074032
153 4 173.693  22.493  0.067742  3.792 25.490 553.042 14.341 0 199.766305  1.493945  1    1.000000 ************     0.019075   110.176196
154 4 173.797  51.201  0.027367  4.761 24.547 324.795 12.986 0  81.481034  2.141717  1    1.000000 60677.700000     0.016942    56.416511
155 4 173.990  55.068  0.056413  1.902 23.440 626.460 13.957 0 166.815040  1.675980  1    1.000000 77805.000000     0.011263    46.140886
156 8 174.269  19.962  0.021965  8.015 25.715 158.563 13.963 0  65.476296  1.632707  1    1.000000 82866.400000     0.047396    76.325533
157 4 174.277   2.820  0.030480  3.115 24.932  59.307 14.406 0  90.685023  2.659714  1    0.000000 59306.200000     0.090689    41.086026
158 4 174.491  11.221  0.036779  5.827 26.100  33.614 14.147 0 109.266087  1.811982  1    1.000000 ************     0.385586    92.607810
159 6 174.514  47.428  0.034376  6.661 25.273 162.066 13.568 0 102.184365  1.373032  1    0.000000 ************     0.070749    98.994224
160 5 174.621  20.479  0.026806  6.799 25.473 308.228 13.251 0  79.820890  1.623233  1    1.000000 61288.700000     0.018033    78.933768
161 6 174.804  26.351  0.023938 10.118 26.198 282.210 13.556 0  71.326643  1.388119  1    1.000000 ************     0.044203   104.962990
162 5 175.545  10.315  0.021637  8.822 24.615 164.533 12.526 0  64.503170  2.038683  1    1.000000 97250.200000     0.053604    82.767833
163 4 175.773  59.564  0.064985  1.725 23.861 251.082 14.540 0 191.764618  2.496550  1    1.000000 68862.200000     0.024873    48.100282
164 6 175.867  -1.644  0.045400  5.472 25.365 367.717 13.546 0 134.603855  1.825704  1    0.000000 ************     0.034649   107.133597
165 4 176.028  33.513  0.032536  3.775 23.918 111.521 12.805 0  96.756187  1.790849  1    1.000000 72642.400000     0.059074    53.117535
166 4 176.119  20.094  0.025173  2.294 23.399 307.740 13.646 0  74.985831  1.684577  1    1.000000 37982.000000     0.011193    25.019706
167 4 176.129  33.336  0.032568  6.079 25.340 238.602 13.388 0  96.850639  1.808562  1    1.000000 ************     0.038239    85.638200
168 4 176.524  20.419  0.024813  4.471 24.070 180.670 12.544 0  73.919414  1.695211  1    1.000000 60977.800000     0.030609    48.070965
169 4 176.625  35.745  0.036815  4.897 25.649  24.816 14.495 0 109.372123  1.517631  1    0.000000 84441.600000     0.308597    77.897531
170 4 176.860  52.453  0.048578  4.687 25.719 172.766 14.680 0 143.917050  2.519253  1    1.000000 ************     0.064241    98.110883
172 4 178.901  54.890  0.052253  3.155 24.569 371.348 14.093 0 154.668499  2.367195  1    1.000000 95307.900000     0.023276    70.984491
173 4 179.044  60.474  0.033180  7.849 25.287 140.390 12.524 0  98.656602  1.659060  1    0.000000 ************     0.095999   112.627842
175 4 179.247   1.119  0.040576  3.461 25.271  67.930 14.567 0 120.438999  1.998099  1    0.000000 81534.700000     0.108853    60.619225
176 7 179.650  28.362  0.029104 11.423 26.301 233.443 13.570 0  86.618413  1.888614  1    0.000000 ************     0.068388   143.908951
177 4 179.886  55.529  0.080874  5.532 26.068 226.380 14.043 0 237.726694  1.323791  1    1.000000 ************     0.082844   191.271248
178 4 180.344  53.478  0.051352  4.088 25.364 170.794 14.152 0 152.034355  2.376747  1    1.000000 92298.400000     0.049009    90.405810
179 4 181.022   2.434  0.084138  2.818 24.820 422.438 14.422 0 247.122598  1.884944  1    1.000000 ************     0.034853   101.295159
180 4 181.411  31.043  0.024416  5.263 25.868 280.464 14.465 0  72.743185  1.800163  1    1.000000 68991.900000     0.022309    55.679969
182 4 182.244  29.241  0.013770  9.134 25.187 133.712 12.671 0  41.116789  1.435676  1    1.000000 59725.200000     0.040509    54.623320
183 4 182.586   5.370  0.076701  2.667 24.448 343.468 14.051 0 225.691345  2.000776  1    1.000000 92771.200000     0.024495    87.546940
184 4 182.657  17.876  0.024574  2.482 23.950 288.120 13.985 0  73.211321  1.899276  1    1.000000 31336.800000     0.009864    26.431515
185 4 182.737  30.868  0.075217  1.573 23.854 307.784 14.719 0 221.405081  2.044259  1    1.000000 75139.700000     0.022140    50.648734
186 8 183.195  66.698  0.058839  5.689 26.105 408.953 14.760 0 173.886991  2.955798  1    1.000000 ************     0.023763   143.868049
188 4 183.322  21.666  0.025783  3.800 24.216 235.722 13.050 0  76.792407  1.909426  1    1.000000 57683.000000     0.022193    42.438151
189 5 183.548  13.552  0.044015  4.808 25.648 153.070 14.164 0 130.540456  1.367910  1    0.000000 49106.300000     0.029094    91.287665
190 5 183.853  59.975  0.060234  2.123 24.000 159.268 14.555 0 177.949622  1.277507  1    1.000000 57129.800000     0.032531    54.951615
191 6 184.243  44.098  0.067537  5.246 26.180 179.676 14.609 0 199.171649  1.517810  1    1.000000 ************     0.063621   151.976045
192 4 184.295  41.358  0.047412  4.298 25.383 190.861 13.845 0 140.501797  1.045260  0    0.000000 ************     0.052368    87.821036
193 4 184.480  21.914  0.052114  1.775 23.952 220.046 14.638 0 154.262185  1.056685  0    0.000000 60409.200000     0.024897    39.820387
194 4 184.634  48.863  0.045580  3.320 24.752 148.154 13.994 0 135.131723  1.516382  1    0.000000 78349.300000     0.047960    65.252350
195 6 184.653  40.438  0.068540  3.705 25.653 233.665 14.534 0 202.080227  0.702370 -1    1.000000 ************     0.051584   108.902615
196 4 184.921  12.420  0.060218  3.393 24.607 229.541 13.832 0 177.903045  1.318530  1    0.000000 ************     0.043436    87.803004
197 4 185.069  56.139  0.034567  5.052 25.751 100.039 14.130 0 102.747556  0.965219  0    0.000000 ************     0.097411    75.491884
198 4 185.509  26.363  0.051266  5.727 25.987 141.839 14.074 0 151.782847  1.377631  1    0.000000 ************     0.101574   126.419165
199 4 185.588  28.810  0.064957  2.735 24.699 283.417 14.539 0 191.683285  1.477956  1    1.000000 ************     0.039541    76.237144
200 5 185.903  58.403  0.015616 10.390 25.195 100.264 12.111 0  46.612376  1.428817  1    1.000000 72061.700000     0.065180    70.436690
202 4 186.627   9.071  0.026097  6.253 24.540 154.282 13.011 0  77.722127  2.006209  1    1.000000 83112.300000     0.048855    70.688631
203 4 186.714  31.092  0.061866  2.624 24.847 272.200 14.398 0 182.698875  1.650383  1    1.000000 69835.600000     0.023267    69.734303
204 4 187.154  53.635  0.036935  4.998 25.404 239.405 13.620 0 109.725572  0.638538 -1    0.000000 ************     0.040114    79.769394
206 4 187.733  51.349  0.044653  1.823 23.465 355.243 14.305 0 132.412592  1.116732  1    0.000000 39102.100000     0.009982    35.099596
207 4 188.742  50.846  0.040545  5.681 25.451  90.714 13.530 0 120.347858  1.132246  1    0.000000 99435.300000     0.099409    99.434188
208 5 188.783  47.297  0.031582  5.546 26.254  80.477 14.442 0  93.939863  1.217912  1    1.000000 77375.900000     0.087195    75.776411
209 4 188.907  35.359  0.061767  3.463 25.429  69.389 14.631 0 182.410923  1.173952  1    1.000000 ************     0.170653    91.866997
210 5 189.039  16.645  0.079946  0.754 21.928 739.389 14.415 0 235.052514  1.927855  1    1.000000 30094.100000     0.003691    25.786439
211 4 189.114  48.535  0.039934  3.996 24.888 327.976 13.902 0 118.551325  1.208935  1    0.000000 94381.400000     0.026098    68.906441
212 5 189.474  15.204  0.071934  2.804 24.725 461.371 14.309 0 211.911503  1.638913  1    1.000000 58470.400000     0.011493    86.411319
213 4 189.859  17.202  0.071863  2.087 24.408 816.856 14.550 0 211.706050  1.830800  1    1.000000 ************     0.011287    64.254621
214 4 190.688  48.580  0.040196  5.675 25.939 108.575 14.393 0 119.321783  1.057515  0    0.000000 ************     0.111900    98.483413
215 4 191.039   9.042  0.048025  4.811 26.045 246.191 14.561 0 142.297563  1.392518  1    0.000000 ************     0.046682    99.577906
216 4 191.322   1.818  0.048950  2.710 24.086 159.954 13.588 0 145.006227  1.146285  1    0.000000 69314.200000     0.039300    57.150176
217 4 191.669   9.849  0.025241  8.025 26.141 100.703 13.716 0  75.187240  1.789801  1    1.000000 ************     0.092365    87.757994
218 4 193.188  45.756  0.062739  3.293 25.456 203.317 14.737 0 185.237771  1.136154  1    1.000000 ************     0.046525    88.727261
220 5 194.210  30.717  0.025398  9.077 26.193 331.201 13.497 0  75.652257  1.485705  1    1.000000 77551.500000     0.021235    99.870187
221 4 194.373  27.489  0.025329  2.970 23.018 449.754 12.443 0  75.447886  1.493076  1    1.000000 58043.800000     0.011704    32.594553
222 4 194.715  27.800  0.020191  1.780 23.096 459.338 13.919 0  60.211262  1.230751  1    1.000000 23686.400000     0.004677    15.586443
223 4 194.792  27.774  0.022883  1.479 22.512 416.174 13.912 0  68.199048  1.341329  1    1.000000 22787.600000     0.004966    14.666728
224 4 195.324  27.862  0.019767  6.481 24.798 258.524 12.691 0  58.952212  1.199582  1    1.000000 92633.100000     0.032496    55.571562
225 4 195.492  27.626  0.025814  5.073 24.473 703.708 12.740 0  76.884199  1.488813  1    1.000000 64858.300000     0.008359    56.732873
226 4 195.881  47.417  0.024972  8.366 26.304 150.393 13.589 0  74.390434  1.474980  1    1.000000 ************     0.073882    90.513814
227 4 197.098   4.371  0.025167  4.912 26.206  38.828 14.641 0  74.968059  1.734981  1    1.000000 53699.500000     0.125427    53.555945
228 4 197.107  15.707  0.084070  1.744 24.002 340.953 14.676 0 246.927011  2.069453  1    1.000000 95202.700000     0.025323    62.618903
229 4 197.699  34.640  0.037737  5.596 25.827 174.225 14.096 0 112.087019  1.330320  1    1.000000 ************     0.070508    91.234957
230 5 197.705  56.631  0.081414  2.304 24.374 419.446 14.475 0 239.282352  1.041169  0    0.000000 91445.900000     0.019772    80.200947
231 4 198.106  11.708  0.031976  4.636 24.947 254.800 13.340 0  95.103150  1.771158  1    1.000000 79463.000000     0.028283    64.121611
232 5 199.393  41.277  0.067175  2.565 24.686 383.944 14.590 0 198.121573  1.151311  1    1.000000 98379.200000     0.023238    73.905331
233 4 199.631   7.967  0.045040  4.711 25.529 208.466 13.962 0 133.547905  1.980634  1    0.000000 ************     0.049318    91.514612
234 5 199.704  30.825  0.032295  7.031 25.750 249.940 14.037 0  96.044845  1.536931  1    1.000000 ************     0.049635    98.213264
235 4 199.723  43.244  0.052744  3.024 24.801 107.295 14.616 0 156.103411  1.794195  1    1.000000 ************     0.092661    68.651918
236 4 201.181  52.991  0.030645  6.678 25.785  34.888 13.509 0  91.172456  1.844948  1    1.000000 ************     0.319551    88.551222
237 6 201.971  34.334  0.035065  5.502 25.360 315.008 14.087 0 104.215725  1.398704  1    1.000000 82056.200000     0.023624    83.401578
238 4 202.976  -2.872  0.086832  1.186 23.376 394.931 14.684 0 254.865981  2.032046  1    1.000000 72340.800000     0.016612    43.956568
239 4 202.982  44.101  0.035117  6.388 26.063 168.749 14.068 0 104.368999  1.215512  1    1.000000 ************     0.066739    96.960617
240 4 203.496   3.317  0.022982  4.599 24.241 317.606 12.702 0  68.492607  1.465058  1    1.000000 63880.600000     0.018241    45.817263
241 6 203.773  13.776  0.024120 17.546 26.269 220.200 12.682 0  71.866036  1.300889  1    1.000000 ************     0.079854   183.403142
242 5 203.938  13.368  0.043328  6.317 25.566 124.618 14.131 0 128.523874  1.540780  1    1.000000 ************     0.134393   118.085912
243 4 203.959  47.435  0.062545  2.329 24.045 566.421 14.376 0 184.673746  1.727859  1    0.000000 69088.700000     0.011062    62.554279
244 6 204.022  59.218  0.071768  2.885 24.164 361.686 13.916 0 211.431149  1.595259  1    1.000000 ************     0.029470    88.709172
245 4 204.057  42.012  0.062439  4.630 26.046 277.386 14.339 0 184.365506  1.506790  1    1.000000 ************     0.058448   124.150027
246 4 204.189  24.998  0.075517  2.961 24.830 344.681 14.233 0 222.271845  1.328364  1    1.000000 ************     0.030286    95.718977
247 4 204.323  55.714  0.064669  5.396 26.267 311.062 14.329 0 190.846712  1.729063  1    1.000000 ************     0.046902   149.772350
248 4 204.629  26.749  0.030036  4.760 24.994 268.092 13.427 0  89.373141  1.531697  1    1.000000 74397.900000     0.025167    61.875511
249 5 204.682  57.283  0.069319  3.852 25.173 572.244 14.400 0 204.338184  1.373422  1    1.000000 50614.300000     0.008021   114.476013
250 4 204.938  30.054  0.034964  8.488 26.227 152.901 14.011 0 103.918016  1.804729  1    1.000000 ************     0.095368   128.286391
251 4 204.944  27.383  0.035857  4.278 26.046 196.782 14.529 0 106.549919  1.534755  1    0.000000 ************     0.051299    66.288743
252 4 205.106   5.056  0.023990  5.297 25.527 132.414 13.786 0  71.480763  1.437635  1    1.000000 83442.500000     0.057149    55.075011
253 4 205.187  25.953  0.029679  6.752 25.995 524.052 13.723 0  88.318091  1.492536  1    1.000000 86833.500000     0.015027    86.725027
254 4 205.278  30.370  0.041048  3.876 24.924 102.798 13.868 0 121.826416  1.256776  1    0.000000 74438.500000     0.065671    68.687372
255 6 205.301  52.094  0.060489  6.369 26.233 317.589 14.322 0 178.691946  1.300378  1    0.000000 ************     0.045286   165.515906
256 4 205.743  49.058  0.063310  3.439 25.332 124.785 14.369 0 186.897864  1.557033  1    0.000000 93486.600000     0.067943    93.482263
257 4 206.092  20.362  0.027776  5.836 25.522  67.978 13.774 0  82.691086  1.298397  1    1.000000 86275.400000     0.115100    70.190606
258 4 206.163  37.187  0.027252  4.768 25.269  25.793 14.054 0  81.140772  0.901445  0    1.000000 85658.700000     0.301177    56.267370
259 4 206.362  56.637  0.035441  8.151 26.225 125.283 13.321 0 105.324012  2.090006  1    0.000000 ************     0.096377   124.861047
260 4 206.574  17.959  0.027664  5.258 26.277 171.700 14.386 0  82.359767  1.162841  1    1.000000 99519.700000     0.052565    62.985661
261 5 206.696  22.733  0.028356  8.265 26.152 349.837 13.754 0  84.406657  1.373026  1    1.000000 79456.400000     0.020598   101.465878
262 5 207.730   2.323  0.033984  4.618 25.184 224.199 14.192 0 101.028356  2.062267  1    1.000000 61521.400000     0.024886    67.859592
263 5 208.042   2.404  0.024630  9.457 25.496 180.602 12.435 0  73.377242  1.466415  1    1.000000 97364.600000     0.048892   100.931736
264 4 208.233  24.535  0.056787  4.249 25.961 419.470 14.575 0 167.905906  1.728607  1    0.000000 ************     0.031636   103.770242
265 4 208.678  21.817  0.028546  7.579 25.862  40.090 13.517 0  84.968532  1.193441  1    1.000000 96358.800000     0.217979    93.660642
266 5 209.024  24.638  0.064776  4.746 25.854 375.863 14.539 0 191.157522  1.556164  1    1.000000 ************     0.035977   131.945306
267 7 209.145  23.354  0.067068  2.798 24.761 192.267 14.607 0 197.811191  1.043337  0    1.000000 95068.700000     0.044843    80.490921
268 4 209.191  23.253  0.063263  4.093 25.203 662.677 13.761 0 186.761219  2.062830  1    1.000000 ************     0.020939   111.171407
269 5 209.533  21.685  0.066802  1.729 23.431  71.354 14.558 0 197.039372  1.478547  1    1.000000 61626.200000     0.078326    49.561749
270 4 209.553  18.336  0.063767  1.581 23.861 542.504 14.729 0 188.225997  2.081476  1    1.000000 63444.000000     0.010606    43.291396
271 4 209.915  59.279  0.036353  6.114 25.826 196.298 13.762 0 108.011271  2.271943  1    0.000000 ************     0.063154    96.049092
272 6 210.139  -2.860  0.025340  6.131 24.380 321.932 12.455 0  75.480467  1.603487  1    1.000000 64015.100000     0.018033    67.303796
273 4 210.443  38.684  0.019266  4.507 24.996 273.058 13.427 0  57.464183  0.792434 -1    1.000000 51169.800000     0.016995    37.666604
274 4 210.551  45.563  0.065846  4.286 26.179 173.485 14.646 0 194.264687  1.378868  1    1.000000 ************     0.068911   121.087437
275 5 210.726   9.367  0.020819  6.440 24.221 182.526 12.629 0  62.075610  1.049021  0    1.000000 78729.800000     0.039118    58.142539
276 4 211.471  65.739  0.031397  5.855 25.223  99.773 13.366 0  93.393577  2.075533  1    1.000000 80601.300000     0.073264    79.524663
278 5 211.747   0.851  0.049015  4.288 25.923 335.077 14.624 0 145.196517  1.688342  1    1.000000 ************     0.040313    90.558460
279 4 212.319  55.244  0.042587  5.086 25.954 113.290 14.309 0 126.348037  1.615662  1    0.000000 ************     0.097473    93.473433
280 5 212.925  27.984  0.065911  2.836 24.651 375.280 14.240 0 194.453411  1.939893  1    1.000000 97594.800000     0.023585    80.209210
281 4 213.581   2.965  0.026930  2.428 23.919 200.514 14.193 0  80.187883  1.474520  1    1.000000 32549.700000     0.014722    28.312021
282 5 213.708  60.009  0.036843  5.506 24.980 345.042 13.473 0 109.454595  2.348486  1    1.000000 ************     0.026943    87.648566
283 4 213.815   4.924  0.057399  3.012 25.034 275.380 14.581 0 169.690381  2.102888  1    1.000000 ************     0.036535    74.336466
284 5 214.794  45.900  0.027153  8.944 26.317 123.413 13.778 0  80.847806  1.212456  1    1.000000 ************     0.093765   105.174705
285 4 214.794   7.063  0.026090  5.427 25.378 152.121 13.939 0  77.701401  1.283897  1    1.000000 88060.100000     0.052499    61.336583
286 5 214.853  35.108  0.029013  4.618 24.581  33.523 13.231 0  86.349371  1.109562  1    1.000000 60059.800000     0.162481    57.998699
287 4 215.179   5.460  0.028243  4.251 25.294  77.812 14.334 0  84.072443  1.469033  1    1.000000 79185.200000     0.092291    51.975186
288 4 215.679  40.367  0.018775  7.942 24.816 156.626 12.739 0  56.005503  0.691687 -1    1.000000 91910.800000     0.053218    64.690140
289 4 216.251  27.823  0.038408  7.945 26.026 227.459 14.188 0 114.062082  1.267391  1    1.000000 ************     0.061062   131.800561
290 4 216.259  47.928  0.071575  3.955 25.857 145.899 14.738 0 210.872403  1.795737  1    1.000000 ************     0.090463   121.305620
291 4 216.863  11.322  0.027697  6.470 25.083 423.997 13.155 0  82.457388  1.250171  1    1.000000 ************     0.024500    77.592096
292 5 217.386  35.532  0.029163  8.477 25.934 127.112 13.752 0  86.792847  1.166591  1    1.000000 ************     0.089588   107.008103
293 4 217.495  53.978  0.043147  3.383 24.669 319.579 13.680 0 127.992485  1.616549  1    0.000000 78403.400000     0.022249    62.983213
294 4 217.684  11.910  0.026815  9.303 25.443 412.265 12.352 0  79.847529  1.153684  1    1.000000 ************     0.033837   108.041344
295 4 217.974  16.804  0.048959  6.431 26.146  50.960 13.783 0 145.032575  1.450234  1    1.000000 ************     0.372729   135.655340
296 4 218.485  40.160  0.026010 10.169 26.251 107.901 13.525 0  77.464531  0.951814  0    1.000000 ************     0.173173   114.568459
297 5 218.971  24.740  0.035455  3.741 24.290 240.012 13.293 0 105.365273  1.375762  1    1.000000 86073.100000     0.032523    57.333035
298 4 219.045  21.829  0.018276  4.284 24.311 215.653 12.966 0  54.522700  0.554386 -1    1.000000 44509.000000     0.018718    33.975510
299 4 219.046  60.472  0.049598  3.042 24.429 182.440 14.137 0 146.903066  1.546185  1    0.000000 99062.500000     0.049244    64.994938
300 4 219.429  15.895  0.037664  6.854 26.133  59.564 14.347 0 111.872111  1.641925  1    1.000000 ************     0.193420   111.519567
301 4 219.595  23.381  0.031133  5.716 25.322 153.678 13.412 0  92.613910  1.293005  1    1.000000 86355.700000     0.050961    76.997972
302 4 219.689  56.027  0.043167  3.737 25.737  52.291 14.719 0 128.051202  1.862056  1    0.000000 97869.100000     0.169738    69.600295
303 4 219.962  21.568  0.040575  4.855 25.608  73.030 14.327 0 120.436059  1.360528  1    1.000000 93072.500000     0.115580    85.047218
304 4 220.445   9.407  0.029942  9.287 26.228 514.751 13.588 0  89.095346  1.405175  1    1.000000 ************     0.028888   120.347310
305 4 221.147  40.806  0.024848  5.065 25.959 136.427 14.283 0  74.023098  0.832755 -1    1.000000 54545.100000     0.036259    54.535971
306 4 221.800  20.275  0.043863  4.287 25.830 210.335 14.727 0 130.094339  1.565355  1    1.000000 82547.600000     0.035592    81.111349
307 7 221.959  19.046  0.042835  4.043 24.885 266.509 14.685 0 127.076342  1.616069  1    1.000000 66677.600000     0.022690    74.732061
308 5 222.525   0.576  0.040531  4.827 25.538 132.954 14.281 0 120.306697  1.742881  1    1.000000 ************     0.082401    84.457369
309 4 223.075  -0.260  0.044137  4.184 25.165 171.805 14.217 0 130.898523  1.793454  1    1.000000 98740.900000     0.052122    79.662410
310 4 223.234  16.697  0.044564  0.788 21.608 433.027 14.193 0 132.151457  1.788795  1    1.000000 24812.400000     0.005196    15.142954
311 5 223.407   3.008  0.028634  8.645 25.878 282.047 13.130 0  85.228756  1.429871  1    1.000000 ************     0.047411   107.167376
312 6 223.441   0.038  0.044566  6.365 25.989 336.626 14.384 0 132.157325  1.697189  1    1.000000 88362.800000     0.023806   122.338591
313 4 224.019  18.064  0.054238  4.230 25.778 296.176 14.415 0 160.467514  1.725855  1    1.000000 ************     0.031330    98.726951
314 5 224.133   6.460  0.046646  3.979 25.045  47.253 14.271 0 138.257029  1.334010  1    1.000000 ************     0.236673    80.010185
315 4 224.514   1.511  0.044152  5.204 26.024 328.416 14.418 0 130.942548  1.750279  1    1.000000 ************     0.028578    99.099617
316 4 224.871  16.628  0.034076 10.219 26.182  97.065 12.848 0 101.299675  1.565299  1    1.000000 ************     0.143477   150.557839
317 4 225.235   8.589  0.056083  3.145 25.135 343.217 14.321 0 165.852446  1.205437  1    0.000000 94540.500000     0.024981    75.853258
318 5 225.753  -2.552  0.040401  3.618 25.451 126.947 14.597 0 119.924492  2.563436  1    1.000000 72125.300000     0.051526    63.114360
319 5 226.143  17.716  0.038725  5.778 25.647 104.685 14.194 0 114.994908  1.071019  0    1.000000 70752.900000     0.061294    96.643821
321 4 226.519   3.682  0.036453  5.019 24.802 217.050 13.815 0 108.305877  2.036588  1    1.000000 93274.000000     0.038973    79.056008
322 4 226.567  46.351  0.037043  4.427 25.694 110.270 14.258 0 110.043609  1.819930  1    0.000000 94106.800000     0.077396    70.859513
323 4 226.618   9.662  0.044968  4.094 25.190 182.747 14.087 0 133.336715  1.559674  1    1.000000 ************     0.062108    79.395871
324 4 226.687   3.817  0.036759  5.402 25.651 574.350 14.159 0 109.207178  1.983130  1    1.000000 ************     0.022016    85.796100
325 5 226.922  14.651  0.045077  3.464 24.773 195.181 14.575 0 133.656433  1.412614  1    1.000000 77480.000000     0.036001    67.337237
326 5 227.364   7.550  0.078681  1.525 23.524 548.270 14.432 0 231.405019  1.716926  1    1.000000 62183.100000     0.010286    51.318579
327 4 227.463   1.374  0.028754  5.590 25.877  98.991 14.386 0  85.583606  1.445697  1    1.000000 86348.600000     0.079107    69.584318
329 5 227.846  11.355  0.046348  5.289 25.789 231.910 14.361 0 137.383484  1.595237  1    1.000000 ************     0.063170   105.674777
330 4 228.922   8.314  0.034820  3.407 24.893 123.036 14.111 0 103.493471  1.664388  1    1.000000 79049.800000     0.058268    51.288802
331 4 229.070   6.779  0.034430  3.038 24.727 352.467 14.385 0 102.343609  1.758629  1    1.000000 72197.100000     0.018576    45.228282
332 4 229.626  58.392  0.059284  3.680 25.475 668.047 14.571 0 175.183298  1.298667  1    0.000000 ************     0.015147    93.776856
333 4 229.867  20.889  0.040542  1.822 22.476 199.188 13.026 0 120.339037  1.181426  1    1.000000 40758.000000     0.018557    31.887194
334 4 230.087   3.477  0.037227  7.047 25.284 201.677 12.988 0 110.585433  1.936545  1    1.000000 ************     0.081980   113.341146
335 6 230.356  21.216  0.042027  7.782 25.879 428.014 13.805 0 124.703138  1.212431  1    1.000000 76476.100000     0.016204   141.148721
336 4 230.728   7.346  0.076734  1.729 23.824 434.139 14.455 0 225.786638  2.232265  1    1.000000 84625.900000     0.017678    56.785927
337 4 231.309  48.442  0.037448  3.842 24.900 313.451 14.103 0 111.236208  2.000471  1    1.000000 ************     0.029652    62.160633
338 4 231.892  18.623  0.054783  6.166 26.204 534.701 13.993 0 162.058667  1.410885  1    1.000000 ************     0.034864   145.328925
339 4 232.044  42.968  0.018449  4.675 24.304 286.978 13.217 0  55.036814  0.525984 -1    1.000000 60029.700000     0.018970    37.420979
340 4 232.290  29.659  0.066387  2.577 24.351 495.736 14.277 0 195.834994  2.263628  1    1.000000 87631.400000     0.016031    73.408073
341 4 232.360   7.577  0.043909  5.151 24.745 198.695 12.948 0 130.229348  1.597051  1    1.000000 ************     0.052302    97.562383
342 6 232.614  -0.777  0.077818  4.934 25.911 610.541 14.565 0 228.915436  2.026599  1    1.000000 ************     0.033924   164.257256
343 6 233.217  44.557  0.037592  8.998 26.229 179.698 13.988 0 111.660147  1.854916  1    1.000000 ************     0.064443   146.123302
344 4 233.474  32.814  0.064399  2.875 24.870 216.581 14.352 0 190.062424  1.165805  1    1.000000 87067.300000     0.036458    79.477452
345 5 233.938   3.361  0.044875  2.833 24.926 142.812 14.759 0 133.063928  2.486067  1    1.000000 83965.400000     0.053320    54.833453
346 6 234.147  43.396  0.019269 18.130 26.081 182.006 12.317 0  57.473095  0.528654 -1    1.000000 ************     0.062698   151.547105
347 4 234.402  14.362  0.052537  3.804 25.427 185.783 14.338 0 155.498468  1.346020  1    1.000000 ************     0.059258    86.039257
348 4 235.158  -0.132  0.078575  3.674 25.844 177.951 14.669 0 231.099258  2.691691  1    1.000000 ************     0.092266   123.493194
349 4 235.511  48.507  0.038176  7.399 26.199 251.274 13.789 0 113.379263  2.064110  1    1.000000 ************     0.046524   122.009255
350 5 235.626  23.751  0.023802 10.061 25.744 178.212 13.113 0  70.923560  0.424383 -1    1.000000 ************     0.079740   103.780948
351 4 235.853  22.753  0.034653  4.972 25.402 162.312 13.664 0 103.001108  1.488659  1    1.000000 93963.700000     0.052501    74.478838
352 4 235.931   4.239  0.042689  1.900 24.098 148.158 14.697 0 126.647582  2.241236  1    1.000000 57638.300000     0.035282    35.004311
353 4 235.991  34.484  0.067860  2.288 24.598 485.690 14.758 0 200.108595  1.457112  1    1.000000 70152.600000     0.013099    66.577193
354 4 236.131  25.348  0.032453  7.945 25.844  69.942 12.997 0  96.511202  1.257034  1    1.000000 ************     0.150961   111.523928
355 5 237.577  27.234  0.073400  4.771 25.966 349.473 14.605 0 216.152714  1.643081  1    1.000000 69902.900000     0.018140   149.975423
356 5 237.638  26.786  0.072448  5.064 26.183 289.233 14.623 0 213.398864  1.809522  1    1.000000 ************     0.074229   157.175800
357 4 238.668  39.764  0.032904  2.211 23.857 196.972 14.307 0  97.842201  1.402727  1    1.000000 40065.000000     0.018447    31.465921
358 6 239.154  41.915  0.035475  4.613 25.211 302.431 14.005 0 105.424212  1.684032  1    1.000000 69413.200000     0.020815    70.726321
359 6 239.160  46.368  0.040456  6.954 25.819 655.854 14.057 0 120.086194  2.146220  1    1.000000 ************     0.017076   121.463669
360 4 239.628  27.581  0.031444  6.825 25.991 198.072 13.722 0  93.532363  1.163020  1    1.000000 ************     0.047678    92.849362
361 6 239.924  31.795  0.055772  3.600 25.293 281.399 14.715 0 164.945081  1.776646  1    0.000000 92529.300000     0.029820    86.369523
362 7 240.495  15.696  0.034746  5.413 25.091 332.676 13.783 0 103.275299  1.596674  1    1.000000 91549.300000     0.024957    81.301228
363 4 240.756  33.135  0.054689  3.128 24.606 301.002 14.166 0 161.784264  1.447947  1    0.000000 94332.800000     0.028422    73.604937
365 4 241.356  17.942  0.039979  3.831 24.428 240.916 13.477 0 118.683663  2.073273  1    1.000000 91646.600000     0.034499    66.129091
366 4 241.459  27.207  0.031000  4.057 25.898 197.601 14.654 0  92.221092  1.132140  1    1.000000 60559.600000     0.027794    54.413654
367 4 241.518  33.419  0.060020  2.348 24.896 219.453 14.642 0 177.326652  1.815565  1    1.000000 64896.800000     0.026819    60.560470
368 4 241.578  18.182  0.039625  1.877 23.862 153.745 14.247 0 117.642604  2.037504  1    1.000000 35468.400000     0.020922    32.116652
369 4 241.808  18.652  0.038530  5.160 25.460 124.475 13.832 0 114.421137  1.927507  1    1.000000 90198.700000     0.065717    85.865098
370 6 241.966  38.975  0.038200  6.663 25.730 344.918 13.727 0 113.449900  1.700170  1    1.000000 ************     0.027045   109.940026
371 4 242.732  52.453  0.063745  2.571 24.035 631.494 13.609 0 188.162064  1.340337  1    1.000000 ************     0.014936    70.371696
372 4 243.084  28.477  0.053351  6.736 26.212  21.382 14.194 0 157.876878  2.031517  1    1.000000 ************     0.857740   154.685316
373 4 243.210  33.035  0.031621  4.320 24.713 108.249 13.518 0  94.055026  1.225247  1    1.000000 94940.000000     0.079539    59.091725
374 4 243.219  11.121  0.041943  4.795 25.100 403.201 13.605 0 124.456383  2.375791  1    1.000000 88054.900000     0.019806    86.790890
375 5 243.231  30.753  0.049687  3.322 25.226 479.845 14.418 0 147.163528  1.484993  1    1.000000 63077.500000     0.011921    71.113435
376 4 243.408  51.443  0.050451  4.194 25.603 177.549 14.659 0 149.399033  2.185188  1    0.000000 98620.100000     0.050374    91.124898
377 4 244.997  37.774  0.030776  7.890 25.764 492.005 13.480 0  91.559447  1.214292  1    1.000000 ************     0.024376   105.075525
378 4 245.231  39.908  0.030500  5.700 26.125 633.339 14.517 0  90.744106  1.224797  1    1.000000 77303.000000     0.011069    75.234863
379 4 245.258  21.326  0.032112  4.550 25.518 190.138 13.985 0  95.504658  1.313346  1    1.000000 68977.400000     0.032900    63.197268
380 4 246.282  40.894  0.029052  6.577 24.682 230.115 12.324 0  86.464674  1.124894  1    1.000000 83542.400000     0.032925    82.706277
381 4 246.456  43.963  0.031735  3.097 24.491 104.513 14.441 0  94.391652  1.423837  1    1.000000 42524.700000     0.036900    42.518151
382 4 246.622  40.884  0.030250  4.380 25.751 367.063 14.137 0  90.005455  1.234129  1    1.000000 71621.800000     0.017695    57.342010
383 4 246.645  33.500  0.051496  2.812 25.220 148.584 14.676 0 152.455473  1.303759  1    1.000000 99608.300000     0.060797    62.355347
384 4 246.852  14.110  0.050672  2.524 24.703 353.433 14.527 0 150.045576  2.543424  1    1.000000 94713.900000     0.024303    55.075179
385 5 247.199  25.548  0.040260  6.379 25.862 115.374 14.143 0 119.509946  1.596178  1    1.000000 ************     0.126834   110.875566
386 4 247.207  21.525  0.036962  5.657 25.798 255.787 13.757 0 109.805089  1.797645  1    1.000000 ************     0.044037    90.351397
387 4 247.230  42.798  0.031434  3.867 25.162 188.743 14.060 0  93.502834  1.381738  1    1.000000 61830.300000     0.029709    52.588468
388 4 247.660  26.051  0.048290  6.174 26.113 375.381 14.308 0 143.073640  1.476502  1    1.000000 ************     0.041193   128.470403
389 4 248.015  13.656  0.052644  1.571 23.241 609.382 13.919 0 155.811168  2.475746  1    1.000000 39949.400000     0.005945    35.591004
390 4 248.392  39.236  0.030711  6.871 25.860 351.295 13.782 0  91.367428  1.269397  1    1.000000 ************     0.032800    91.308404
391 4 248.712  26.288  0.043863  2.223 23.959 369.933 14.096 0 130.094339  1.264025  1    1.000000 51135.000000     0.012536    42.063373
392 4 248.819  31.027  0.099173  5.635 26.283 271.437 14.330 0 290.200658  2.748868  1    0.000000 ************     0.105679   237.852846
393 4 249.473  36.055  0.032117  7.614 25.094 204.356 12.699 0  95.519420  1.372398  1    1.000000 ************     0.048137   105.777869
394 4 251.171  38.915  0.038366  6.503 26.276 266.812 14.152 0 113.938469  1.297392  1    1.000000 ************     0.039197   107.771201
395 5 251.799  33.933  0.067020  1.582 23.539 360.916 14.273 0 197.671954  1.594558  1    1.000000 55128.800000     0.013853    45.492588
396 6 252.344  26.592  0.054711  3.318 24.733 479.616 14.228 0 161.848486  2.032466  1    1.000000 88016.900000     0.016643    78.115516
397 5 253.055  23.352  0.035838  6.494 25.436 253.774 13.190 0 106.493928  1.763121  1    1.000000 ************     0.054978   100.585585
398 4 253.543  39.792  0.033443  7.905 25.906 272.701 13.093 0  99.432535  1.596797  1    1.000000 ************     0.051906   114.319447
399 4 254.365  40.717  0.029995  4.975 24.651 256.493 13.723 0  89.251979  1.319678  1    1.000000 74964.200000     0.026506    64.583711
400 4 255.021  37.804  0.063614  4.393 25.699 168.323 14.470 0 187.781369  1.603569  1    1.000000 ************     0.074834   119.987798
401 5 255.134  24.414  0.047888  4.054 25.620  84.270 14.583 0 141.896225  1.560308  1    1.000000 ************     0.133092    83.659890
402 6 255.228  39.572  0.034436  7.232 25.859 197.813 13.483 0 102.361303  1.710620  1    1.000000 ************     0.054373   107.667856
403 5 255.996  25.051  0.038237  3.677 24.287 168.845 13.520 0 113.558798  1.759601  1    1.000000 77723.300000     0.041747    60.737587
404 4 256.052  38.869  0.034912  2.810 24.484 165.892 14.601 0 103.764713  1.759630  1    1.000000 56813.000000     0.031059    42.404880
405 4 256.308  23.161  0.030892  6.550 25.781 143.950 13.720 0  91.902111  1.380097  1    1.000000 ************     0.092826    87.554728
406 6 256.452  22.275  0.049110  8.897 26.309 183.452 13.909 0 145.474632  1.958793  1    1.000000 ************     0.083909   188.257613
407 7 119.112  44.083  0.047877  6.842 25.751 365.085 14.290 1 141.864001  1.661587  1    1.000000 ************     0.027553   141.177549
408 5 120.931  10.000  0.035082  6.233 25.505 125.469 13.372 1 104.265834  1.432918  1    0.000000 ************     0.098179    94.520606
409 4 129.291  47.168  0.052551  3.980 25.394 113.845 14.548 1 155.539382  1.507466  1    1.000000 ************     0.099169    90.041544
410 4 134.504  30.347  0.087334  1.415 23.522 717.062 14.576 1 256.307687  1.380222  1    0.000000 65901.400000     0.008335    52.739183
411 4 138.551   7.076  0.057191  6.262 26.284  99.982 14.305 1 169.083893  1.655481  1    0.000000 ************     0.153199   153.999862
412 6 143.449   1.628  0.073912  4.481 25.877 154.844 14.751 1 217.633318  1.039340  0    0.000000 ************     0.078468   141.850366
413 5 144.109  59.400  0.041332  3.250 25.311 130.936 14.595 1 122.661104  2.168232  1    0.000000 49059.800000     0.033980    57.986259
414 4 144.965  16.783  0.049932  2.836 24.306 308.701 14.158 1 147.880530  1.358127  1    0.000000 94856.600000     0.027867    60.995712
415 5 155.544  17.831  0.028055  6.921 25.780 392.270 14.469 1  83.516405  1.179377  1    1.000000 67170.000000     0.015529    84.070252
416 4 158.264  12.062  0.033627  5.087 25.477  42.726 13.984 1  99.975332  1.901858  1    1.000000 ************     0.234126    73.962179
417 6 158.494  59.413  0.044972  7.142 25.830 316.626 13.907 1 133.348448  2.148912  1    0.000000 ************     0.038193   138.507486
418 5 162.391  16.253  0.022665  5.171 24.433 340.109 13.220 1  67.552579  1.231097  1    1.000000 70017.400000     0.018670    50.808058
419 4 165.036  24.184  0.044661  5.492 26.171 190.701 14.257 1 132.436064  1.717736  1    1.000000 ************     0.073301   105.784590
420 4 167.654  10.089  0.048069  4.614 25.762  64.255 14.463 1 142.426440  1.147883  1    1.000000 ************     0.190835    95.584469
421 4 170.201  46.837  0.054343  5.027 25.709 146.606 14.371 1 160.774143  1.509521  1    1.000000 ************     0.081351   117.551279
422 4 172.229  52.252  0.048258  2.695 24.807 293.160 14.484 1 142.979928  2.235426  1    1.000000 81759.700000     0.025293    56.045012
423 6 172.503  44.184  0.045542  7.065 26.323 200.637 14.247 1 135.020297  1.392636  1    0.000000 ************     0.062835   138.739540
425 4 178.190  20.193  0.051086  6.137 26.124 309.141 14.168 1 151.256435  1.497494  1    0.000000 ************     0.040369   135.006212
426 4 182.016   9.768  0.070482  3.357 25.025 256.812 14.424 1 207.707589  1.661698  1    1.000000 ************     0.039373   101.404563
427 5 184.727   5.259  0.076827  1.918 23.593 452.333 14.143 1 226.055192  1.652033  1    1.000000 68398.900000     0.013714    63.065090
428 4 186.892  50.399  0.040929  4.599 25.509 341.408 14.038 1 121.476648  1.252916  1    0.000000 97056.700000     0.025782    81.256798
429 4 195.334  39.920  0.037323  2.477 24.033 269.553 14.293 1 110.868123  1.244938  1    1.000000 45534.500000     0.015320    39.947539
430 5 196.681   7.443  0.046963  4.468 25.704 291.642 14.597 1 139.186059  1.737302  1    0.000000 ************     0.032553    90.447703
431 7 199.378  20.622  0.023709 10.576 25.847 148.123 13.489 1  70.647911  1.308090  1    1.000000 88853.600000     0.054402   108.673066
432 4 200.276  12.196  0.062273  6.438 26.328 231.939 14.181 1 183.882677  1.300330  1    1.000000 ************     0.069913   172.170065
433 7 205.056  56.799  0.069660  3.418 24.987 515.427 14.592 1 205.326401  1.293264  1    1.000000 ************     0.021516   102.064705
434 5 205.384  23.211  0.033191  5.404 25.246 301.695 14.097 1  98.689055  1.397772  1    1.000000 91677.100000     0.027558    77.563202
435 4 206.183  40.456  0.076348  2.432 24.687 332.465 14.397 1 224.671996  1.563994  1    1.000000 ************     0.033741    79.456526
436 4 207.619  24.948  0.030552  4.064 24.741  90.490 13.834 1  90.897721  1.419572  1    1.000000 60260.500000     0.060394    53.731126
437 4 208.566  28.297  0.075200  3.950 25.741 130.132 14.729 1 221.355965  1.595801  1    1.000000 ************     0.117062   127.166616
438 4 211.225  24.212  0.062808  4.612 25.905 347.023 14.531 1 185.438377  2.191403  1    1.000000 ************     0.039037   124.383170
439 5 213.299  27.345  0.055761  3.136 24.986 191.932 14.617 1 164.912983  1.201877  1    1.000000 89565.500000     0.042321    75.225823
440 4 214.928  28.864  0.057464  1.939 24.017 447.504 14.534 1 169.879909  1.333443  1    1.000000 71227.600000     0.014435    47.900870
441 4 215.258  17.684  0.053326  1.953 24.141 687.977 14.565 1 157.803844  1.646399  1    1.000000 66521.400000     0.008769    44.825672
442 4 218.482  28.000  0.032258  8.995 26.143  83.076 13.703 1  95.935635  1.395304  1    1.000000 ************     0.156371   125.516408
443 4 221.618  23.891  0.048737  4.701 25.755 543.013 14.508 1 144.382664  1.738864  1    1.000000 ************     0.026603    98.715527
444 5 221.921   9.599  0.029563  7.338 26.120 149.422 14.143 1  87.975243  1.345819  1    1.000000 95712.000000     0.058091    93.897525
445 5 222.139  11.335  0.052727  1.905 23.414 585.995 13.838 1 156.053729  1.636332  1    1.000000 60822.400000     0.009413    43.243841
446 5 222.698  10.127  0.053977  1.790 23.430 658.660 14.648 1 159.705320  1.480814  1    1.000000 52238.500000     0.007193    41.574524
447 6 223.602  49.394  0.037633  5.309 25.794 292.050 14.436 1 111.780849  1.789436  1    0.000000 ************     0.036452    86.320690
448 6 224.192  24.641  0.033766  7.658 26.252 184.998 14.320 1 100.385333  1.346941  1    1.000000 ************     0.071687   111.811687
449 4 226.662   9.448  0.028384  4.200 25.909  80.687 14.585 1  84.489471  1.190787  1    1.000000 55317.500000     0.062175    51.612659
450 5 227.819  10.550  0.069568  4.680 25.863 174.555 14.615 1 205.059785  1.651436  1    1.000000 ************     0.069827   139.586423
451 4 232.660   3.481  0.088407  2.152 24.299 425.346 14.483 1 259.388109  1.663423  1    1.000000 ************     0.026715    81.193481
452 4 236.269  16.951  0.049082  3.583 24.791 564.096 13.772 1 145.392661  2.053892  1    1.000000 ************     0.019059    75.771200
453 7 237.045   9.131  0.041120  6.933 25.843 411.421 13.946 1 122.038040  1.637628  1    1.000000 ************     0.025938   123.061562
454 5 238.174  -0.528  0.078726  4.070 25.612 327.555 14.590 1 231.534823  3.140345  1    1.000000 ************     0.049623   137.048036
455 7 240.104  33.224  0.088284  2.848 24.767 618.416 14.575 1 259.035170  1.225043  1    1.000000 ************     0.015343   107.315007
456 4 242.487  30.125  0.048120  4.522 25.955 198.605 14.364 1 142.575794  1.464784  1    1.000000 ************     0.059320    93.762422
457 4 243.614  50.471  0.059727  2.574 24.632 181.716 14.422 1 176.473440  1.849963  1    1.000000 71930.900000     0.035899    66.072085
458 7 243.981  38.537  0.034782  6.091 26.202 138.779 14.577 1 103.381437  1.592327  1    1.000000 ************     0.067340    91.589796
459 4 244.410  50.641  0.041362  4.748 25.610 552.432 14.146 1 122.749256  2.297091  1    1.000000 99179.500000     0.016282    84.761037
460 5 245.283  13.159  0.034352  3.715 24.912 247.585 14.328 1 102.113590  1.643838  1    1.000000 79042.400000     0.028953    55.171383
461 4 247.547  36.247  0.075265  3.671 25.664 383.398 14.479 1 221.543764  1.391269  1    1.000000 ************     0.037964   118.280333
462 5 250.332  13.424  0.050796  4.130 24.858 268.188 13.764 1 150.408327  2.884232  1    1.000000 ************     0.037895    90.346331
