      17    118.0286988     23.4819688 0.04587800000   4   1.1348522  22.1535250 13.59561000     47.2802672     22.4487430   0.1164E+12 -22.22729000 -20.82488000   0.7767E+11      0.0466302     24.3101483   0 1.000 0.750
      21    118.7090817     45.7130511 0.05366100000   4   1.0650002  22.6847086 14.64536000    597.5560258     24.5950925   0.2770E+14 -21.52229000 -20.98506000   0.5649E+11      0.0051474     33.9165306   0 1.000 0.500
      31    120.5272918      9.3914301 0.01680100000   4   4.1840537  24.6931995 13.31485000    570.7639255     30.5110308   0.2496E+14 -20.27901000 -18.89076000   0.1264E+11      0.0055155     34.7123473   0 1.000 0.750
      55    125.0897860     21.0979600 0.01767100000   8  11.2528308  25.0514657 11.71533000    392.8989872     86.2919348   0.2518E+14 -21.70731000 -21.11930000   0.6326E+11      0.0178278     77.2361371   0 0.875 0.500
      66    125.9935440     21.0013464 0.01629400000   3   3.4386695  23.5904852 12.76755000     54.3583692     24.3213173   0.2941E+12 -20.72358000 -19.96766000   0.2222E+11      0.0721013     43.2165572   0 1.000 1.000
      96    130.3053629     32.4149122 0.06929000000   3   0.2148709  19.4759857 14.41061000    239.3130566      6.3832913   0.1556E+13 -22.37949000 -20.27761000   0.8038E+11      0.0046986     12.3986249   0 1.000 0.667
      98    130.7408243     36.0383554 0.05524900000   4   1.9355279  23.9150036 14.75296000    212.2353208     46.0042455   0.8032E+13 -21.54291000 -21.15139000   0.6682E+11      0.0303043     70.9190261   0 1.000 1.000
     100    130.8569223     36.2190051 0.05391500000   4   3.9582002  25.0841804 14.29628000    303.8062293     91.8376303   0.2338E+14 -21.88302000 -21.78436000   0.8983E+11      0.0376116    125.9966992   0 0.750 0.500
     125    134.1134067     14.5208189 0.07129000000   3   1.7597074  24.0770705 14.42477000    552.4561371     53.7593066   0.4560E+14 -22.42592000 -20.26697000   0.8132E+11      0.0120464     73.3830991   0 1.000 1.000
     139    135.3657469     55.0450251 0.04649000000   4   1.6217481  23.1391277 13.77725000    460.1574800     32.5033354   0.1737E+14 -22.11407000 -20.26868000   0.6728E+11      0.0066510     33.7470924   0 1.000 0.500
     171    139.3074495     19.8859799 0.02973300000   3   2.7610302  25.2049265 14.73674000    420.2458582     35.5304756   0.2649E+14 -20.09702000 -18.78989000   0.1109E+11      0.0147740     68.4610759   0 0.667 0.000
     177    139.6782677     27.9748452 0.02801100000   3   3.0664045  24.6432241 14.14617000    109.6712313     37.1894807   0.1597E+13 -20.55541000 -19.78196000   0.2034E+11      0.0499759     60.4357513   0 1.000 0.667
     179    139.8336769     33.3829797 0.02421400000   5   8.5996217  27.0025751 14.02500000    198.6914820     90.2359262   0.1062E+14 -20.35129000 -18.47052000   0.1339E+11      0.0565334    123.8582704   0 0.600 0.800
     180    139.9483075     33.7194544 0.02372800000  12  11.1501102  25.3180218 11.89389000    373.2296116    114.6624124   0.3007E+14 -22.43126000 -20.27485000   0.9939E+11      0.0245264    100.9372108   0 0.917 0.917
     184    140.1712153     33.6813570 0.02327100000   4   3.4141287  25.4722969 14.54926000    221.8464033     34.4365179   0.4763E+13 -19.78895000 -17.82241000   0.8290E+10      0.0195421     47.8039895   0 1.000 1.000
     188    140.5020602     33.8770631 0.02440100000   4   5.3310546  25.0225887 12.97843000    296.2368053     56.3684664   0.1322E+14 -21.37987000 -19.29028000   0.3174E+11      0.0213677     69.7969814   0 0.750 0.500
     190    140.8713378     22.3169988 0.03138900000   4   1.4677530  22.7693627 14.16361000    364.5027434     19.9322470   0.9009E+13 -20.86667000 -20.15718000   0.3350E+11      0.0073746     29.6402517   0 1.000 0.500
     199    141.9901482     30.0097913 0.02754400000   5   3.5584023  23.5343393 12.58035000    372.2667133     42.4414421   0.1536E+14 -22.07554000 -20.33616000   0.7257E+11      0.0120535     49.4773494   0 0.800 0.800
     208    144.4334038     17.0834752 0.02868600000   5   6.3571750  26.0703845 14.30220000    447.9077563     78.9458676   0.4533E+14 -20.45397000 -19.68277000   0.2486E+11      0.0201671     99.6031053   0 1.000 0.600
     220    145.8988055     39.4066002 0.04151800000   5   4.6278319  24.9876767 13.36919000    234.1133739     82.9299532   0.8071E+13 -22.20485000 -20.66477000   0.7596E+11      0.0295502     76.2830289   0 1.000 1.000
     230    146.9634826     54.2681798 0.04718700000   3   3.7892738  25.6620491 14.73147000    207.4156402     77.0710462   0.1419E+14 -21.15897000 -20.54817000   0.3665E+11      0.0658643    150.6372318   0 1.000 0.667
     269    151.0894422      0.5057138 0.04755000000   4   3.5679828  25.1290480 14.35460000    279.4065456     73.1220900   0.2019E+14 -21.55249000 -20.19639000   0.5311E+11      0.0375035    115.5443104   0 1.000 1.000
     270    151.2030055     54.5644616 0.04533300000   4   3.3925311  24.6909830 13.61009000    453.7548639     66.3197618   0.2870E+14 -22.29057000 -19.57784000   0.7083E+11      0.0142560     71.3280526   0 0.750 0.500
     274    151.6163579     14.4444806 0.03100400000   3   3.2050171  24.9340943 14.59254000     16.5192346     42.9944497   0.4983E+11 -20.33755000 -20.18027000   0.2096E+11      0.4579145     83.4094157   0 0.667 0.667
     276    151.7374756     14.3774906 0.02911100000   5   3.3745729  23.4293420 12.37734000    454.6423358     42.5234946   0.1899E+14 -22.51361000 -19.87104000   0.8808E+11      0.0090273     45.2552048   0 1.000 0.600
     282    152.3160987     54.2224581 0.04708800000   3   1.7325469  23.5579115 14.35784000    436.8627114     35.1656232   0.2107E+14 -21.57817000 -21.11303000   0.5377E+11      0.0110172     53.0708393   0 1.000 1.000
     283    152.5692935     54.5017932 0.04556500000   3   0.7188899  21.8207546 14.18237000    822.6774084     14.1245444   0.2489E+14 -21.62080000 -19.70486000   0.4135E+11      0.0018860     17.1081337   0 1.000 0.667
     285    152.9974072      3.3460631 0.04811900000   4   2.2537034  23.8629981 14.41434000    398.5845816     46.7336583   0.1840E+14 -21.44002000 -21.41838000   0.6869E+11      0.0120352     52.8951015   0 1.000 0.750
     295    154.5611175     48.8965429 0.06219300000   6   4.2045828  25.7252603 14.56500000    278.8642182    112.3078185   0.2301E+14 -21.96442000 -20.54091000   0.7626E+11      0.0439040    135.0011822   0 0.667 0.667
     307    155.3938936     23.9066205 0.04022700000  12  10.0309436  25.9078110 12.85806000    335.3808968    174.2166069   0.4240E+14 -22.65699000 -21.14496000   0.1463E+12      0.0464704    171.8523271   0 0.917 0.667
     332    156.6317996     10.9356358 0.03348500000   4   4.4974659  25.4797351 14.33348000    447.1093759     65.1228586   0.3710E+14 -20.74069000 -20.48806000   0.2974E+11      0.0166620     82.1449789   0 0.750 1.000
     337    157.2558588      3.1298882 0.07381200000   4   1.6314615  23.8883157 14.71857000    329.9827131     51.5728469   0.1799E+14 -22.22409000 -21.31196000   0.9209E+11      0.0199732     72.6739696   0 1.000 0.750
     339    157.4180156     22.3841203 0.04214200000   4   5.6435979  25.6439263 13.46126000    348.1101647    102.6371483   0.3225E+14 -22.16146000 -19.57515000   0.6392E+11      0.0316096    121.3322414   0 0.750 0.500
     342    157.7063098     22.3569197 0.04451700000   3   1.4836648  23.7841965 14.51399000    152.5322999     28.4872453   0.1840E+13 -21.27466000 -19.16566000   0.2832E+11      0.0202973     34.1382967   0 0.667 0.667
     345    157.8838893     56.9087949 0.04550400000   3   1.6637740  24.0239470 14.51663000    449.3210127     32.6460738   0.2716E+14 -21.29213000 -19.38667000   0.2937E+11      0.0124337     61.6024529   0 1.000 0.667
     346    158.2651720     56.7240869 0.04742200000   9   6.7100848  25.8014845 13.42149000    596.7309191    137.1502763   0.9744E+14 -22.37615000 -20.29447000   0.9401E+11      0.0189260    124.5314719   0 1.000 0.556
     349    158.4681606     57.0603351 0.04827500000   3   0.6101715  21.2760044 14.09724000    456.4905558     12.6932924   0.1008E+14 -21.76015000 -20.66129000   0.5324E+11      0.0036444     18.3442393   0 1.000 0.667
     352    158.5628365     56.7131164 0.04494500000   4   3.4572186  25.4872315 14.76618000    375.0633274     67.0120576   0.2769E+14 -21.02142000 -19.73562000   0.3225E+11      0.0208543     86.2462741   0 1.000 0.500
     372    160.5724785     19.1334290 0.04873300000   3   2.2741658  24.7122872 14.55992000    217.1514675     47.7527166   0.8526E+13 -21.42257000 -19.59663000   0.3390E+11      0.0345129     82.6388949   0 0.667 0.667
     403    163.3462644     56.3019374 0.07639600000   4   1.5024015  23.2594511 14.21102000    546.0441621     49.1245877   0.4884E+14 -22.82182000 -21.77205000   0.1492E+12      0.0104675     63.0249100   0 1.000 1.000
     418    164.5270555     17.1197352 0.03165700000   4   3.0775804  23.7989506 13.50494000    109.9938968     42.1481138   0.1232E+13 -21.45897000 -21.27803000   0.5651E+11      0.0400558     48.5819335   0 0.750 0.250
     420    164.5570914      1.6064612 0.03996600000   5   1.3753326  22.0571147 13.48998000    251.6110424     23.7331225   0.3241E+13 -22.00191000 -21.15154000   0.9254E+11      0.0086877     24.1031907   0 1.000 0.800
     450    167.0871457     13.2082239 0.03504000000   3   2.3019992  23.9953301 14.01155000    180.1366677     34.8680264   0.4376E+13 -21.20467000 -20.24332000   0.3288E+11      0.0296433     58.8801627   0 1.000 1.000
     457    167.4297592     21.7489242 0.03291400000   5   4.1708112  24.2076200 12.86154000    222.6748071     59.3709340   0.5481E+13 -22.19734000 -20.56820000   0.7782E+11      0.0196006     48.1260910   0 1.000 1.000
     458    167.4705660     21.9609403 0.03390300000   4   5.0020633  25.5004095 14.31040000    374.7074561     73.3264040   0.2796E+14 -20.72738000 -20.51550000   0.3606E+11      0.0231040     95.4597973   0 1.000 0.500
     460    167.7135310     28.2645691 0.03692900000   4   2.6236519  24.4356945 13.96169000    568.5923945     41.8639552   0.3318E+14 -21.35751000 -19.21617000   0.3191E+11      0.0075157     47.1204435   0 1.000 0.500
     463    167.7634823     57.1368365 0.04721900000   3   1.3430657  23.4449118 14.34827000     56.8639130     27.3352844   0.2874E+12 -21.53479000 -19.03897000   0.3493E+11      0.0621210     38.9507439   0 1.000 0.333
     466    167.8506991     26.9664070 0.03602500000   4   2.8291107  23.7337190 13.23105000    734.9279835     44.0465801   0.5466E+14 -21.95534000 -20.87699000   0.6445E+11      0.0053029     42.9734687   0 1.000 0.750
     472    168.0217212     27.5718204 0.03583100000   5   2.3088676  23.1535425 13.13827000    394.5497591     35.7549254   0.1294E+14 -22.12221000 -20.46028000   0.7592E+11      0.0086066     37.4433152   0 1.000 0.800
     475    168.3385772      2.5480490 0.07916700000   4   0.5892721  20.9620123 14.49221000    687.8517287     19.9529690   0.3010E+14 -22.50612000 -22.39777000   0.1953E+12      0.0038849     29.4656719   0 1.000 1.000
     481    168.6839463      4.0130361 0.04187400000   4   1.9219306  23.4852873 13.82906000    474.9133574     34.7330666   0.2372E+14 -21.83233000 -20.42603000   0.5510E+11      0.0086327     45.2064765   0 1.000 1.000
     482    168.7549970      4.0832827 0.04067200000   3   0.7918812  21.7667470 13.92651000    726.5382829     13.9040036   0.2929E+14 -21.61463000 -19.84557000   0.4245E+11      0.0028748     23.0303377   0 1.000 1.000
     484    168.8094244     29.5295592 0.04790100000   3   1.7949622  23.3156650 14.12593000    695.1267902     37.0543178   0.5993E+14 -21.92395000 -21.54789000   0.7748E+11      0.0071509     54.8109844   0 1.000 0.667
     498    170.0659793     34.1227433 0.03620500000   3   3.7742610  25.1147563 14.03500000     77.4787898     59.0527904   0.1481E+13 -21.22579000 -20.09542000   0.3363E+11      0.1316669    112.4864370   0 0.667 1.000
     502    170.5457720     24.2211819 0.03029600000   7  17.6740814  27.4890713 13.26912000    375.1181730    231.7171084   0.6097E+14 -21.63551000 -20.93404000   0.5584E+11      0.0532637    220.3132145   0 0.857 0.286
     503    170.6134760     24.2971760 0.02512400000   3   0.4622594  19.7728147 13.15995000    234.6533960      5.0317578   0.1157E+13 -21.38655000 -19.92055000   0.3473E+11      0.0036959      9.5627834   0 1.000 0.667
     530    172.8068825     56.4623238 0.06043000000   3   1.3667799  23.4740490 14.41383000    409.3559622     35.4880429   0.2337E+14 -22.08473000 -20.04778000   0.6152E+11      0.0122393     55.2457807   0 0.667 0.667
     550    173.9941427     55.0706397 0.05518800000   3   1.7332564  23.3229340 13.95674000    549.2195385     41.1517199   0.4988E+14 -22.39121000 -21.34916000   0.9676E+11      0.0109533     66.3335685   0 1.000 1.000
     555    174.4719888     21.9798648 0.03102700000   3   1.0189995  21.1000663 13.07375000    262.0082940     13.6796734   0.2406E+13 -21.83685000 -21.23410000   0.7191E+11      0.0062572     18.0775118   0 0.667 0.667
     560    174.7948449     55.6742684 0.06180200000   4   1.3253125  22.4345205 13.98250000    326.8269116     35.1809504   0.1167E+14 -22.58122000 -22.35469000   0.1574E+12      0.0139485     50.2672094   0 0.750 0.500
     568    175.7600637     26.2675925 0.03218300000   3   1.1277856  22.5598833 14.32080000    168.6155049     15.6999881   0.1750E+13 -20.68552000 -19.91228000   0.2484E+11      0.0128887     23.9633038   0 0.333 0.667
     573    175.9919667     19.9634222 0.02188800000   6   3.3427510  22.8141825 11.91700000    289.1164778     31.7224351   0.5392E+13 -22.22591000 -20.51701000   0.7867E+11      0.0088231     28.1277130   0 1.000 0.667
     574    176.0436753     33.4865765 0.03254200000   7   7.2136115  25.2575692 12.80505000    155.2268074    101.5330096   0.4282E+13 -22.23480000 -20.44085000   0.8682E+11      0.0453507     77.6232687   0 0.714 0.857
     575    176.1185849     20.0939309 0.02518400000   4   2.2940373  23.3994769 13.64596000    355.6785661     25.0302086   0.1078E+14 -20.65236000 -19.91029000   0.2661E+11      0.0100223     39.3067554   0 1.000 1.000
     576    176.0807860     33.3400771 0.03257500000   7  10.8982779  26.5488433 13.38804000    236.0492377    153.5498833   0.1777E+14 -21.60610000 -20.54225000   0.5956E+11      0.0558464    145.3577464   0 0.571 0.429
     582    176.5715960     33.1886781 0.03413800000   5   3.8576915  24.3522874 13.37280000    534.2780253     56.9396589   0.4092E+14 -21.78351000 -21.15255000   0.6329E+11      0.0115832     68.2396323   0 0.800 0.800
     585    176.9879448     55.7700051 0.05213200000   3   1.4520027  23.1935124 13.95263000    747.3115188     32.5890090   0.4648E+14 -22.16963000 -19.83500000   0.6305E+11      0.0051859     42.7329490   0 1.000 1.000
     586    177.0280949     55.6074369 0.05029000000   3   2.5993628  24.9043188 14.67007000    370.1067813     56.3040280   0.3253E+14 -21.36990000 -20.29492000   0.3949E+11      0.0265621    108.4003746   0 0.333 0.333
     590    177.5595980     54.6592823 0.05979300000   4   3.9554409  25.6135431 14.34209000    220.4597322    101.6349765   0.1571E+14 -22.09958000 -20.44314000   0.6893E+11      0.0591200    143.7157293   0 1.000 0.750
     613    179.8655083     55.5382796 0.08087900000  12  12.8485800  27.6106137 14.04262000    404.1336857    444.2792490   0.1423E+15 -23.12709000 -21.31984000   0.2231E+12      0.0860141    383.2970079   0 1.000 0.917
     620    180.4046498     45.6298119 0.06926500000   3   2.1962576  23.9608562 14.25090000    199.4412861     65.2223156   0.1057E+14 -22.53122000 -21.65204000   0.1320E+12      0.0537312    118.1632761   0 1.000 1.000
     625    180.7820311     51.6803775 0.06390100000   3   0.6521022  21.5139295 14.19854000    573.8476240     17.8891196   0.2416E+14 -22.39403000 -20.68001000   0.9218E+11      0.0052917     33.4835412   0 1.000 0.667
     626    181.0152424     20.2378795 0.02340000000   3   1.2242987  20.7587470 12.40743000    735.5018387     12.4169582   0.2763E+14 -21.92164000 -21.75757000   0.8190E+11      0.0028138     22.8197415   0 1.000 0.667
     637    181.4595650     28.2713877 0.03047900000   5   7.9534807  26.1829996 13.78840000    426.1332497    104.8998749   0.5567E+14 -20.94384000 -20.76544000   0.3656E+11      0.0277178    130.2400937   0 1.000 0.600
     638    181.6341223     28.1591327 0.02916900000   5   6.0988007  24.6472290 12.38386000    606.7805024     77.0040137   0.5923E+14 -22.39734000 -20.77982000   0.8691E+11      0.0110920     74.2134589   0 1.000 0.800
     639    181.6963522     27.9081137 0.02717400000   3   0.8053981  22.6299026 14.67168000     61.3847383      9.4778249   0.9074E+11 -19.94544000 -17.51204000   0.8310E+10      0.0145463      9.8458641   0 1.000 0.667
     644    182.2587004     24.9569804 0.02291500000   3   7.2881912  25.6478184 13.58173000    231.1196030     72.3932687   0.8480E+13 -20.65869000 -20.45901000   0.2949E+11      0.0284311     72.4553463   0 1.000 1.000
     650    182.5812381      5.3846859 0.07608500000   3   1.3435540  23.1115063 14.05083000    369.0741936     43.7551982   0.2258E+14 -22.98588000 -20.73826000   0.1366E+12      0.0186113     75.7409999   0 1.000 1.000
     661    183.3305513     56.5939308 0.05219300000   4   1.5384531  23.5236549 14.54832000    312.1359705     34.5692203   0.5736E+13 -21.55083000 -20.73087000   0.5298E+11      0.0110115     37.8993029   0 1.000 0.750
     673    184.4145948      3.6548046 0.07835300000   5   1.0919807  22.7741939 14.42056000    326.2819400     36.6019794   0.1179E+14 -22.64007000 -21.32225000   0.1280E+12      0.0131999     47.4904158   0 1.000 0.600
     684    185.0810165     25.5504937 0.02387300000   4   6.3813490  25.6338765 13.29995000    133.5013457     66.0215832   0.2837E+13 -21.03454000 -19.21249000   0.2533E+11      0.0496452     73.0808133   0 1.000 1.000
     687    185.1735166     28.1145853 0.02838500000   4  13.8056183  27.4937111 13.55981000    224.2807473    169.6564439   0.2078E+14 -21.23104000 -19.81868000   0.3173E+11      0.0715861    177.0358624   0 0.750 0.500
     721    189.4699613     15.2213439 0.07233100000   5   1.0741587  22.6863304 14.30925000    539.3301481     33.2864231   0.2892E+14 -22.59652000 -20.71662000   0.1145E+12      0.0075998     45.1959017   0 1.000 0.600
     751    193.5614869     28.0919108 0.02339900000   3   2.1070110  23.9916473 14.29600000    382.8774621     21.3686051   0.1138E+14 -19.85065000 -18.95571000   0.1115E+11      0.0081250     34.3024226   0 1.000 0.667
     757    194.1009088     27.7514664 0.02388200000   6   8.8658546  25.7469398 12.73885000    122.9807433     91.7607556   0.2667E+13 -21.61154000 -19.96929000   0.4422E+11      0.0646971     87.7328730   0 1.000 0.833
     760    194.3648996     27.5063952 0.02534000000   6   4.5944974  23.9437960 12.44300000    501.5264022     50.4392680   0.3800E+14 -22.03418000 -20.57711000   0.7182E+11      0.0121177     67.0124157   0 1.000 1.000
     761    194.4628659     28.4821643 0.02346300000   6  11.5583501  25.8616506 12.45471000    612.2047831    117.5399908   0.7467E+14 -21.84280000 -20.87985000   0.6304E+11      0.0156157    105.4143108   0 0.833 0.667
     762    194.4486972     28.1606112 0.02397500000   3   2.4182038  24.7192257 14.57420000    591.5100807     25.1251129   0.3417E+14 -19.86722000 -18.45585000   0.8760E+10      0.0057216     37.3182202   0 0.667 0.667
     765    194.7146305     27.7997263 0.02020100000   4   1.7798280  23.0959209 13.91874000    530.3980950     15.5943039   0.1354E+14 -20.09162000 -19.41938000   0.1461E+11      0.0039796     23.2748173   0 1.000 1.000
     768    194.7923220     27.7741301 0.02289400000   4   1.4786157  22.5122320 13.91246000    480.5561678     14.6736252   0.1144E+14 -20.46870000 -19.90969000   0.2335E+11      0.0040943     21.6953803   0 1.000 1.000
     771    194.8866776     27.9652195 0.02480600000   6   3.3173823  22.8373203 11.96960000    529.9988864     35.6556484   0.1882E+14 -22.45371000 -20.36251000   0.9738E+11      0.0056390     32.9549523   0 1.000 1.000
     775    195.0518925     27.9799496 0.02239800000  13   7.4307111  24.0769091 11.50237000    475.5618731     72.1518780   0.3173E+14 -22.68952000 -20.57718000   0.1264E+12      0.0124919     65.5050300   0 1.000 0.615
     776    195.2359589     28.3485334 0.02636600000   3   5.6226345  25.3940225 13.61645000    736.8468060     64.2107885   0.9688E+14 -20.94244000 -20.22811000   0.2990E+11      0.0109681     89.1143792   0 1.000 1.000
     778    195.4535074     27.6319853 0.02582400000   9  10.6225722  25.9987921 12.74023000    733.1671818    118.8311971   0.1368E+15 -21.88130000 -20.08172000   0.6153E+11      0.0141026    114.0101427   0 0.889 0.778
     781    195.7214397     -2.4919036 0.08490000000   6   3.4390119  25.1898677 14.25834000    757.4271807    124.7028830   0.2039E+15 -23.11941000 -20.97855000   0.1754E+12      0.0188024    157.0346057   0 1.000 0.667
     790    196.4976421     53.5995170 0.03053900000   5   8.6223769  25.8499339 13.03399000    281.4425680    113.9443561   0.2012E+14 -21.81168000 -20.65528000   0.6132E+11      0.0399723    124.0480827   0 0.600 0.400
     801    197.6988527     34.6399554 0.03774600000   4   5.5964719  25.8272495 14.09563000    201.1731424     91.2574879   0.1207E+14 -21.26235000 -20.32005000   0.4166E+11      0.0585895    129.9662456   0 1.000 0.750
     803    197.8084405     46.7254277 0.02762100000   3   2.9967486  24.8876035 14.47320000    109.9011773     35.8418361   0.1370E+13 -20.23101000 -19.61675000   0.1527E+11      0.0422218     51.1658435   0 0.333 0.333
     826    200.0360173     33.0899371 0.04019400000   3   0.2382703  19.0641691 14.01698000     87.0974748      4.1348943   0.1113E+12 -21.50801000 -20.18375000   0.4463E+11      0.0071183      6.8363633   0 1.000 0.667
     828    200.1883557     33.0970258 0.03684700000   3   1.6488176  23.3854159 14.45281000    501.7378566     26.2512203   0.2774E+14 -20.77059000 -20.71012000   0.3209E+11      0.0090905     50.2930242   0 1.000 0.667
     842    202.1023469     11.4144801 0.02396300000  10  23.0057008  28.0164948 13.01021000    311.2659588    238.9108741   0.4743E+14 -21.33342000 -19.28136000   0.3657E+11      0.0617628    211.9820782   0 0.800 0.500
     843    202.1778042     11.6002556 0.02537200000   3   2.9754128  24.8602690 14.03006000     72.6781245     32.7056626   0.4619E+12 -20.45620000 -17.94975000   0.1288E+11      0.0548410     43.9490496   0 1.000 0.667
     844    202.3398268     37.6172971 0.05703900000   6   3.2334640  24.5930848 13.68875000    649.1427206     79.3097461   0.7888E+14 -22.62486000 -19.80940000   0.1047E+12      0.0122817     87.9099008   0 1.000 0.667
     845    202.3443399     11.7335850 0.02439200000   3   1.2428634  21.7495821 12.85345000    408.2648033     13.1367240   0.7334E+13 -21.48423000 -19.33770000   0.3484E+11      0.0039710     17.8764700   0 1.000 0.333
     854    203.2412546     32.5980495 0.03617100000   6   4.1558545  24.7080562 13.74893000    440.7955542     64.9627270   0.2672E+14 -21.54625000 -21.12302000   0.5921E+11      0.0133058     64.6725367   0 1.000 0.833
     855    203.3040222     32.5215235 0.03602900000   3   2.4799856  24.4328430 14.20223000    582.2449920     38.6152821   0.4944E+14 -21.10342000 -19.67909000   0.2717E+11      0.0084544     54.2787603   0 1.000 1.000
     859    203.7520933     34.0453076 0.02463300000   3   4.0297871  24.5631143 13.19083000    312.2796983     43.0122601   0.1097E+14 -21.19246000 -19.51533000   0.2881E+11      0.0166865     57.4580598   0 0.333 0.333
     865    203.9330089     47.4269655 0.06277600000   4   1.4817150  23.1960784 14.37639000    419.6755823     39.9431649   0.2122E+14 -22.15647000 -21.36617000   0.9921E+11      0.0112869     52.2308643   0 1.000 1.000
     866    204.0428527     59.2069968 0.07224700000   3   0.5070158  20.8548881 13.91626000    410.3993964     15.6936655   0.7232E+13 -22.94577000 -20.84154000   0.1340E+12      0.0047796     21.6291191   0 1.000 0.667
     877    204.8745306     30.9877065 0.06180600000   5   2.2698629  23.7955767 13.61717000    296.0208889     60.2582605   0.1661E+14 -22.89622000 -20.36078000   0.1293E+12      0.0236406     77.1651710   0 1.000 0.800
     901    206.2608621     23.0691504 0.02951000000   5   4.2846319  25.0768931 13.71646000    415.2858002     54.7263022   0.2469E+14 -21.04048000 -19.81667000   0.2886E+11      0.0143400     65.6653571   0 0.600 0.400
     908    206.6332924     23.1016590 0.03081400000   4   3.3583996  24.9082256 14.09243000    428.8602327     44.7779118   0.2110E+14 -20.81869000 -19.37693000   0.2279E+11      0.0109415     51.7410306   0 0.500 1.000
     921    207.9061133     46.3615243 0.06392400000   3   1.6454189  23.7675484 14.22950000    400.8349440     45.1547735   0.2501E+14 -22.33719000 -19.83441000   0.7351E+11      0.0165353     73.0831556   0 1.000 0.667
     926    208.1724507     46.3820389 0.06288500000   5   3.9867502  25.3716508 13.99495000    473.3864005    107.6561355   0.5533E+14 -22.55715000 -19.98542000   0.9632E+11      0.0231319    120.7447912   0 1.000 0.400
     937    208.8769546     25.0739998 0.02955200000   3   0.9448051  22.1105162 14.28667000    224.7266701     12.0847672   0.1909E+13 -20.57478000 -20.04905000   0.2260E+11      0.0065657     16.2696519   0 1.000 1.000
     943    209.2070344     23.2072865 0.06425100000   7   4.3817698  25.2867255 13.76131000    622.8646496    120.8533093   0.1134E+15 -22.83950000 -20.14039000   0.1319E+12      0.0196855    135.2014704   0 1.000 0.857
     946    209.5287417     21.6756381 0.06681500000   3   0.5390577  21.4336127 14.55825000    114.4458649     15.4513890   0.8638E+12 -22.15686000 -20.82298000   0.7713E+11      0.0238568     30.1059773   0 0.667 0.667
     950    209.5526290     18.3359963 0.06378000000   4   1.5813363  23.8606517 14.72893000    626.4291553     43.2999248   0.5449E+14 -21.86161000 -20.52945000   0.6314E+11      0.0088376     61.0443230   0 0.750 0.500
     961    210.7082722      9.3733461 0.02081900000  12  12.5654430  25.6249127 12.62871000    387.1289420    113.4476245   0.3071E+14 -21.37511000 -21.36121000   0.7454E+11      0.0227093     96.9394812   0 0.750 0.333
     964    210.9587311      9.5846766 0.02401300000   5   7.5117171  25.0835314 13.03639000    161.5776279     78.1697400   0.4574E+13 -21.31140000 -20.96219000   0.5802E+11      0.0501322     89.3178891   0 1.000 0.800
     973    211.6260086      9.4463261 0.02497300000   5  18.1946737  27.4250560 12.77813000    210.9730594    196.8683018   0.2009E+14 -21.65724000 -19.47703000   0.4337E+11      0.0904786    210.4813138   0 0.400 0.200
     982    212.7601329     25.4996464 0.03173800000   3   2.3640718  23.7952305 13.82887000    444.8500813     32.4587019   0.2372E+14 -21.16477000 -20.27262000   0.3435E+11      0.0112366     55.1175648   0 0.000 0.333
     985    212.8793977     55.2948437 0.04265100000   3   4.1960150  25.3801074 14.14602000    289.7276348     77.2231050   0.2718E+14 -21.53541000 -20.61284000   0.4786E+11      0.0463345    148.0250613   0 1.000 1.000
     987    212.9519858     52.8051870 0.07640600000   5   1.4133390  23.5159125 14.61280000    285.1170011     46.2184143   0.3760E+13 -22.41466000 -20.80238000   0.1033E+12      0.0048195     15.1517824   0 0.800 0.600
     995    214.1819110     10.8374843 0.02551800000  17  15.9541946  25.7945586 11.66673000    468.8056282    176.3717578   0.6621E+14 -22.82261000 -21.38082000   0.1569E+12      0.0267072    138.0578835   0 0.882 0.471
     997    214.4037851      2.0574519 0.05627600000   3   0.8549494  21.4244088 13.53173000    698.1659822     20.6933169   0.3259E+14 -22.77575000 -21.31700000   0.1323E+12      0.0036473     28.0786705   0 1.000 1.000
    1011    215.3985422     49.5383807 0.07235900000   4   2.0726492  23.9201113 13.98557000    569.9013465     64.2524371   0.6005E+14 -22.90877000 -20.77024000   0.1364E+12      0.0130488     81.9994191   0 1.000 1.000
    1012    215.5494095     48.5595224 0.07315100000  10   4.8710358  25.3114530 13.79257000    526.6959296    152.6261102   0.7689E+14 -23.06293000 -21.53453000   0.2073E+12      0.0234717    136.3152648   0 1.000 0.500
    1026    216.4962702     25.7254134 0.07630800000   3   1.3395804  23.4372328 14.42063000    570.5676394     43.7512548   0.3956E+14 -22.59364000 -20.66268000   0.9860E+11      0.0096511     60.7187043   0 1.000 0.667
    1029    216.8695364     11.3064600 0.02771200000   7  17.5662401  27.1909916 13.15533000    324.9117945    210.7847074   0.4070E+14 -21.48901000 -21.21029000   0.6196E+11      0.0519780    186.2198421   0 1.000 0.429
    1045    218.2817904     53.2445634 0.04450500000   4   2.5299465  23.9821333 13.62174000    314.8985751     48.5635201   0.9630E+13 -22.12269000 -20.22745000   0.6674E+11      0.0151661     52.6606369   0 1.000 1.000
    1046    218.2890434      3.9291178 0.03032500000   4   6.6525008  25.7722004 13.80092000    294.2432100     87.3007553   0.1915E+14 -21.06047000 -20.85667000   0.3914E+11      0.0315153    102.2514094   0 0.250 0.000
    1047    218.2927114     52.9711571 0.04765200000   3   1.2626363  22.8333582 14.17326000    648.5605537     25.9312863   0.2899E+14 -21.60403000 -20.91309000   0.5165E+11      0.0048806     34.9028581   0 0.667 0.333
    1050    218.5002509      3.7937270 0.02990300000   5   3.0916586  23.2733137 13.08615000    249.2275620     40.0111014   0.5424E+13 -21.79485000 -21.76149000   0.8465E+11      0.0138833     38.1530059   0 1.000 0.600
    1061    219.1666901      9.9170199 0.05491600000   6   7.5144972  26.1311135 13.79185000    297.6253935    177.5446962   0.3068E+14 -22.49749000 -21.96349000   0.1312E+12      0.0517072    169.6923114   0 0.833 0.333
    1083    221.8059182     13.4335979 0.02888700000   3   4.0624063  24.6223222 13.60503000    611.6672348     50.7996898   0.7590E+14 -21.18172000 -20.63318000   0.4125E+11      0.0124301     83.8362932   0 1.000 0.667
    1087    222.0274797     18.4480504 0.03955100000   3   2.7550754  24.8438199 14.64043000    254.3615045     47.0532929   0.1253E+14 -20.83612000 -20.36232000   0.2732E+11      0.0316259     88.7023561   0 1.000 0.333
    1088    222.0990192     18.3546845 0.04048100000   3   0.5170551  20.8336926 14.38148000    211.9885288      9.0363225   0.1674E+13 -21.14919000 -20.96440000   0.4162E+11      0.0072974     17.0578466   0 1.000 1.000
    1098    222.8207049     16.6866692 0.04681100000   3   1.5342529  23.9371105 14.57655000    310.1667981     30.9597011   0.8726E+13 -21.32629000 -19.03220000   0.2910E+11      0.0121051     41.4004547   0 0.333 0.000
    1099    222.8303860     18.6809171 0.04420100000   4   1.0737953  22.2850583 13.87315000    348.6659580     20.4727011   0.6225E+13 -21.85952000 -20.28585000   0.5596E+11      0.0055680     21.4067238   0 1.000 1.000
    1105    223.2120536     16.9017888 0.04654000000   6   5.9283125  26.0940566 13.91810000    363.1159489    118.9425904   0.3589E+14 -21.93647000 -19.32122000   0.5759E+11      0.0291157    116.5770677   0 0.833 0.500
    1106    223.2370182     16.6921098 0.04457800000   6   1.4932171  22.9309091 14.19342000    506.8387021     28.7095256   0.1651E+14 -21.63402000 -21.05061000   0.6310E+11      0.0053120     29.6869150   0 0.833 0.667
    1146    226.6314667      9.6573166 0.04498300000   5   5.4772614  25.7945640 14.08712000    169.2312612    106.2558164   0.6117E+13 -21.67137000 -20.98609000   0.5989E+11      0.0584365    109.0449223   0 0.800 0.400
    1151    226.7532815     20.4652131 0.04269000000   5   6.5518022  25.6435813 13.56797000    387.2947587    120.6879764   0.4875E+14 -22.09738000 -21.53842000   0.8632E+11      0.0345805    147.6770556   0 0.800 0.800
    1162    227.8679307      7.2682260 0.04528200000   5   2.4772668  23.5088831 13.17440000    577.8727833     48.3735816   0.4178E+14 -22.62184000 -20.40752000   0.1027E+12      0.0094187     60.0155733   0 1.000 0.800
    1163    227.8730002      1.7758712 0.03931800000   4   1.8263338  23.1580302 13.63451000    428.0523639     31.0094662   0.1828E+14 -21.88225000 -20.64081000   0.5803E+11      0.0098336     46.4142682   0 1.000 0.750
    1169    228.2999695      4.2834572 0.03707500000   5   2.5012790  23.5188406 13.39436000    288.2918064     40.0677390   0.8934E+13 -21.94825000 -20.96408000   0.6889E+11      0.0146501     46.5709071   0 0.800 0.400
    1177    229.0130725      6.8761378 0.03738500000   3   3.4851611  25.6567681 14.73810000    483.5699525     56.2911729   0.4619E+14 -20.62990000 -19.21299000   0.1896E+11      0.0172749     92.1117469   0 0.667 1.000
    1179    229.0700425      6.7791300 0.03444600000   4   3.0384261  24.7270383 14.38517000    403.7851093     45.2486604   0.2638E+14 -20.81109000 -19.88930000   0.2842E+11      0.0158701     70.6593055   0 1.000 0.750
    1181    229.1873737      7.0287155 0.03512600000   6   3.7236510  23.8578723 12.69122000    689.4559739     56.5388567   0.6601E+14 -22.51738000 -20.72773000   0.9783E+11      0.0080627     61.2952472   0 1.000 0.167
    1190    229.7067964      4.8410574 0.03539400000   3   3.3055997  25.0233405 14.19182000    803.6396142     50.5710780   0.1421E+15 -21.06061000 -19.59732000   0.2796E+11      0.0113326    100.4225340   0 0.333 0.000
    1192    229.7654281      4.5044062 0.03707300000   6   3.9217311  24.3272620 13.00230000    441.2074762     62.8184640   0.2125E+14 -22.33481000 -19.78381000   0.8040E+11      0.0109478     53.2613785   0 1.000 0.833
    1193    229.8715949     25.7646465 0.03422900000   6   7.1091544  26.3182211 13.92167000    392.4099488    105.2088665   0.4666E+14 -21.13226000 -19.85717000   0.3384E+11      0.0304766    131.8703745   0 0.833 0.500
    1194    229.8543509     20.8951422 0.04072700000   3   0.6406907  20.3191723 13.02638000    111.0075213     11.2644375   0.3325E+12 -22.53402000 -21.22445000   0.1043E+12      0.0096461     11.8071359   0 1.000 0.667
    1197    230.0594387     25.7246977 0.03396900000   3   1.5293618  22.7459428 13.53359000    213.4788393     22.4625682   0.3446E+13 -21.59811000 -20.01080000   0.4339E+11      0.0150286     35.3764048   0 1.000 1.000
    1202    230.2922473     30.5782635 0.07609600000   3   0.9413347  22.3726486 14.44888000   1113.4050914     30.6605684   0.1613E+15 -22.55979000 -22.05142000   0.1337E+12      0.0048417     59.4416432   0 1.000 0.667
    1205    230.6367925      7.7324747 0.04452000000   3   1.2679695  23.5360834 14.58437000     72.8581765     24.3473894   0.5023E+12 -21.16660000 -18.85222000   0.2537E+11      0.0533605     42.8685274   0 1.000 0.667
    1216    231.9425669     28.9139505 0.06597900000   4   1.8580515  23.0475771 13.57012000    184.4216244     52.6029581   0.6071E+13 -23.09497000 -21.82634000   0.1988E+12      0.0357354     72.6694106   0 1.000 1.000
    1218    232.1893496      7.3651971 0.04263600000   4   2.8269431  24.8656478 14.27402000    353.5597001     52.0087071   0.1750E+14 -21.48928000 -19.50094000   0.3656E+11      0.0171557     66.8824092   0 0.750 0.250
    1220    232.3738812      7.5431887 0.04392700000  12   9.4992390  25.8475508 12.94823000    356.1208903    179.9990539   0.4386E+14 -22.77982000 -21.43438000   0.1642E+12      0.0403150    158.3087187   0 1.000 0.750
    1232    234.1865435     25.4206794 0.03450900000   3   1.8221725  23.3098533 13.69758000    709.4094744     27.1852746   0.5343E+14 -21.46951000 -19.74436000   0.3802E+11      0.0052347     40.9476816   0 0.667 0.667
    1234    234.8346880     21.7472738 0.04204400000   4   2.5262006  24.3605189 14.01892000    446.1322636     45.8369012   0.2539E+14 -21.61392000 -19.68214000   0.4148E+11      0.0112919     55.5484747   0 0.750 0.500
    1238    235.1415308     28.3544698 0.03143900000   4   2.2090650  23.4608976 13.62663000    428.8188167     30.0467821   0.1718E+14 -21.44339000 -19.97816000   0.4187E+11      0.0086379     40.8434090   0 1.000 0.750
    1244    235.7197119      8.2622155 0.04071800000   4   4.3306155  24.8911835 13.41881000    216.8611368     76.1229677   0.1066E+14 -22.17832000 -20.37848000   0.7269E+11      0.0413275     98.8237769   0 0.750 0.750
    1262    237.2975959     25.6198389 0.07041200000   4   0.4154530  20.8391069 14.69963000    399.6588426     12.5385175   0.4394E+13 -22.14725000 -21.38603000   0.8900E+11      0.0032375     14.2671588   0 1.000 1.000
    1269    238.6679564     39.7639783 0.03291500000   4   2.2111427  23.8568505 14.30735000    227.4452410     31.4762637   0.4488E+13 -20.77797000 -20.49939000   0.3056E+11      0.0157654     39.5387002   0 1.000 1.000
    1272    238.9116898     41.9438759 0.03311100000   4   5.6184729  26.0202482 14.11171000    445.3238835     80.4532512   0.5272E+14 -20.96147000 -19.67052000   0.2750E+11      0.0209078    102.6657864   0 0.500 0.250
    1274    239.1535790     41.9150620 0.03548500000   6   4.6126305  25.2107435 14.00463000    330.8042274     70.7467663   0.1595E+14 -21.19193000 -20.58501000   0.4456E+11      0.0203519     74.2362650   0 0.167 0.667
    1276    239.4990018     28.8021319 0.07721800000   7   3.4122337  24.8281107 13.92582000    471.7060074    112.7488748   0.7247E+14 -23.13047000 -21.02454000   0.1850E+12      0.0274109    142.5721540   0 0.857 0.714
    1308    241.4370302     15.7852362 0.04124300000   7   5.6010069  25.4417762 13.55926000    391.3624099     99.7108003   0.3317E+14 -22.01155000 -20.60921000   0.7403E+11      0.0248496    107.2357633   0 0.857 0.857
    1318    242.7276355     52.4498625 0.06375000000   9   6.5737052  25.8671481 13.60879000    669.8764904    179.9169511   0.1588E+15 -22.95970000 -20.66595000   0.1696E+12      0.0228794    168.9974207   0 0.667 0.556
    1321    242.8233110     14.2947657 0.03228300000   5   8.2482186  26.8195498 13.88013000    386.5872001    115.1782204   0.2921E+14 -21.19669000 -18.69788000   0.2737E+11      0.0245653    104.7151851   0 0.800 0.200
    1330    243.9125339     19.4628490 0.03074300000   4   2.2764787  22.8791687 13.16458000    306.2983513     30.2830933   0.9353E+13 -21.81798000 -21.49282000   0.7116E+11      0.0126344     42.6718159   0 1.000 1.000
    1332    244.2983981     34.9076037 0.02943400000   4   3.5719258  23.8590559 12.92414000    489.9642604     45.5064117   0.3809E+14 -21.99071000 -20.87237000   0.6683E+11      0.0132527     71.5995091   0 1.000 0.750
    1336    244.8732877     24.7607366 0.06356200000   3   3.6926905  25.6209778 14.39166000    221.9564714    100.7724784   0.1868E+14 -22.19570000 -20.21661000   0.6780E+11      0.0708831    173.4807589   0 0.333 0.333
    1337    244.9020768     50.5803544 0.05590500000   6   5.8523640  26.2194577 14.02651000    155.6415217    140.7302922   0.7439E+13 -22.25438000 -19.59018000   0.7428E+11      0.0855569    146.8321087   0 0.833 0.667
    1345    245.7180198     37.7572257 0.03129200000   4   5.6137832  26.1131030 14.27809000    156.8477320     76.0019350   0.4879E+13 -20.69427000 -19.55249000   0.2218E+11      0.0511606     88.4819527   0 0.750 0.500
    1360    246.8523853     14.1096413 0.05068700000   4   2.5237066  24.7028875 14.52733000    407.9435885     55.0915768   0.3478E+14 -21.50793000 -19.96022000   0.4538E+11      0.0212829     95.7349834   0 0.750 0.250
    1368    247.2748048     42.7923909 0.03144400000   5   6.3735135  26.2186160 14.05997000    210.7978035     86.7035863   0.8622E+13 -20.94055000 -19.78302000   0.2684E+11      0.0424257     98.6134750   0 0.600 0.600
    1373    248.0152748     13.6563267 0.05265800000   4   1.5705336  23.2411837 13.91862000    703.6542564     35.6004894   0.4341E+14 -22.20757000 -19.92186000   0.7212E+11      0.0050908     39.4990814   0 1.000 1.000
    1374    248.2270400     11.8842339 0.05119300000   3   3.7355505  25.7703337 14.65432000    442.2013636     82.3497307   0.4875E+14 -21.41707000 -19.89675000   0.3826E+11      0.0248268    121.0547577   0 1.000 0.667
    1384    252.3783119     26.8139291 0.05509600000   4   5.0661530  26.1212334 14.36345000    311.7008462    120.0849257   0.4005E+14 -21.89076000 -20.41091000   0.5863E+11      0.0537839    184.8548463   0 0.500 0.500
    1393    254.1396404     28.0017404 0.03492200000   4   3.8156275  24.9766282 13.67537000    309.2327558     57.6016865   0.2089E+14 -21.55601000 -19.09634000   0.3731E+11      0.0271377     92.5334222   0 0.750 0.500
    1400    255.9747924     25.0405453 0.03824900000   9   6.1348396  25.3050554 13.52006000    185.8979030    101.3573590   0.6867E+13 -21.94090000 -21.06023000   0.8750E+11      0.0457136     93.7044895   0 1.000 0.778
    1406    256.6175626     24.7811479 0.03871000000   4   3.8380433  24.8364721 13.57050000    363.4274598     64.1679151   0.2814E+14 -21.85805000 -19.84204000   0.5209E+11      0.0239103     95.8172080   0 0.750 0.750
    1408    256.7253273     24.8881311 0.03691000000   3   3.0715016  24.8287542 14.41681000    107.2459516     48.9850112   0.2452E+13 -20.95693000 -20.38435000   0.3133E+11      0.0822803     97.3010671   0 1.000 0.667
