       1    112.0064992     41.9195006 0.05926188357   3   1.1601692  22.7114565 14.30900000    344.2682254     29.5495216   0.8986E+13 -22.09431000 -21.55414000   0.8421E+11      0.0102913     39.0669704   0
       2    112.0419877     40.0550036 0.05051099322   3   4.3824219  25.7260367 14.15300000    288.0833039     95.3384437   0.3379E+14 -21.86091000 -20.23558000   0.5179E+11      0.0585259    185.9116622   0
       7    116.7689851     41.5860011 0.02911594156   3   7.3418209  26.1173202 13.51100000    303.2684178     92.5310040   0.3555E+14 -21.27249000 -19.93102000   0.3217E+11      0.0528633    176.7755422   0
       8    116.8599901     26.9745022 0.01672975384   3   5.9719235  24.8455602 12.78000000     81.1318943     43.3645225   0.1190E+13 -20.79902000 -19.52270000   0.2245E+11      0.0924198     82.6793979   0
       9    117.0224917     28.1970036 0.02773026410   3   4.7315918  25.3489969 14.42500000     97.8355196     56.8134287   0.2368E+13 -20.26082000 -20.11426000   0.2503E+11      0.1046783    112.9259753   0
      11    117.2910085     43.7770113 0.03183546008   3   4.5789117  24.8287559 13.26500000    180.9197857     63.0600765   0.8480E+13 -21.74844000 -20.55612000   0.5057E+11      0.0582387    116.1818375   0
      15    117.7940239     50.2170039 0.02194169550   5   5.1088208  23.7949179 12.83900000    458.5169765     48.6006607   0.2785E+14 -21.24187000 -21.21502000   0.7867E+11      0.0115990     58.6428694   0
      19    118.1754970     28.7920014 0.07628790180   4   2.8092404  25.3433061 14.73900000    250.8995137     91.7272569   0.1428E+14 -22.26616000 -19.94195000   0.7498E+11      0.0365624    101.1521719   0
      21    118.7090009     45.7130002 0.05355901594   4   1.0836741  22.7223167 14.64500000    597.6184055     24.9793887   0.2745E+14 -21.52229000 -20.98506000   0.5649E+11      0.0051326     33.8224580   0
      23    119.1765006     44.0975005 0.04745861460   3   0.9975987  22.4733990 14.29000000    549.7011235     20.4059000   0.1775E+14 -21.56522000 -20.70917000   0.4690E+11      0.0045283     27.4475100   0
      24    119.1896997     45.8863214 0.05494175534   4   1.2156953  22.3246394 14.07200000    531.4549715     28.7364633   0.2133E+14 -22.24985000 -22.02714000   0.1126E+12      0.0063635     37.2911109   0
      31    120.5466752      9.3820463 0.01694920508   3   2.4068841  23.5178939 13.31500000    551.0027047     17.7058105   0.2210E+14 -20.27901000 -18.89076000   0.1244E+11      0.0051563     31.3282821   0
      34    120.9295000      9.9540000 0.03509347878   3   0.7224212  21.0612260 13.37200000    106.7296578     10.9589653   0.4951E+12 -21.83434000 -19.96861000   0.4884E+11      0.0149023     17.5379266   0
      36    121.3669983     37.5435017 0.03429317244   4   2.0565928  23.2266333 13.76000000    191.9455419     30.4922543   0.3106E+13 -21.39498000 -21.13634000   0.5082E+11      0.0190233     40.2628142   0
      39    121.8999996     14.9385010 0.02960336398   3   2.4939939  24.5615882 14.26400000    314.3318579     31.9551310   0.1280E+14 -20.56795000 -19.12309000   0.1646E+11      0.0168406     58.3694630   0
      40    122.0565010      9.0300009 0.05353595425   6   3.5066926  24.5284534 13.97200000    163.0031482     80.7971756   0.4840E+13 -22.18952000 -21.24218000   0.1152E+12      0.0428503     77.0177991   0
      46    123.3874899     54.3880058 0.04125711226   3   2.9340201  24.9984524 14.58700000    400.8870072     52.2499941   0.2588E+14 -20.98112000 -20.54519000   0.3104E+11      0.0176129     77.8562310   0
      47    123.4780000      9.7010006 0.05277399617   4   2.4839653  24.8301146 14.60200000    324.9371122     56.4284182   0.1585E+14 -21.55184000 -19.63827000   0.4243E+11      0.0191052     68.4528627   0
      48    123.5444988     46.0075031 0.05075533644   3   2.2289949  24.6292984 14.66700000    168.9886248     48.7229408   0.4724E+13 -21.38502000 -20.23095000   0.3784E+11      0.0411372     76.6535934   0
      49    123.6241548     55.1592385 0.03395183821   3   2.4529923  23.4943059 13.05800000    499.1563872     36.0103725   0.3746E+14 -21.98147000 -19.31748000   0.5200E+11      0.0124697     68.6331901   0
      51    123.9584752     58.3155088 0.02676406464   3   3.7271559  23.5872820 12.54900000    386.7865443     43.2030533   0.1748E+14 -22.09799000 -21.09523000   0.7424E+11      0.0134665     57.4337335   0
      52    124.0530121     23.1715103 0.01456130980   3   7.1580842  25.6105992 13.40200000    114.5391449     45.2599454   0.1868E+13 -19.92644000 -19.57899000   0.1232E+11      0.0524514     66.2447795   0
      54    124.6190014     56.6065003 0.04354574409   3   0.9421122  22.5369928 14.53300000    212.1577343     17.6985366   0.2353E+13 -21.15968000 -20.33545000   0.3318E+11      0.0096427     22.5578619   0
      55    125.0971374     21.0809371 0.01760552500   3   6.0111688  23.7463352 11.71500000    501.1087590     45.9262292   0.3993E+14 -21.70731000 -21.11930000   0.6022E+11      0.0131346     72.5755034   0
      60    125.5190379     15.5692162 0.04453889826   4   1.9516926  23.8975023 14.65300000    454.7074333     37.4918962   0.2346E+14 -21.09182000 -21.03337000   0.4301E+11      0.0098887     49.5806269   0
      64    125.8554267      4.3846587 0.03170048882   3   2.3905035  23.0067112 12.64700000    118.6608187     32.7830988   0.1618E+13 -22.34549000 -19.64067000   0.7265E+11      0.0395018     51.6851086   0
      66    125.9934976     21.0010005 0.01629523927   3   3.4672358  23.6085770 12.76800000     54.2325497     24.5252221   0.2967E+12 -20.72358000 -19.96766000   0.2222E+11      0.0751816     44.9585347   0
      74    127.7425041     39.8345022 0.02967019832   3   2.5590377  24.1950722 14.39500000    413.4689588     32.8620441   0.1287E+14 -20.43831000 -20.33226000   0.2446E+11      0.0075371     34.3629449   0
      75    127.8994974     19.3655011 0.03955536612   3   3.3819820  25.5365378 14.54800000    116.2745865     57.7664033   0.2359E+13 -20.92969000 -19.19271000   0.2241E+11      0.0647875     83.0648128   0
      78    128.4330505     41.4655131 0.02536482716   3   8.6856153  25.8911050 13.22800000    127.9888172     95.4452717   0.5526E+13 -21.24193000 -20.53072000   0.4233E+11      0.0966737    136.4335766   0
      79    128.5769941     48.0710014 0.04347409163   3   2.4989611  23.8963233 13.59200000    140.3538386     46.8690701   0.3767E+13 -22.10062000 -20.35067000   0.6678E+11      0.0555070     85.9038587   0
      82    128.8725026     52.7895044 0.04490123157   3   2.3956104  23.6695324 13.47800000    273.1151202     46.3899302   0.1352E+14 -22.31731000 -20.75916000   0.8331E+11      0.0232647     70.0621996   0
      86    129.2639911     55.6635016 0.04476212810   3   2.4985139  24.5094077 14.34800000    585.2776761     48.2343145   0.5556E+14 -21.42441000 -20.10317000   0.4026E+11      0.0116590     75.2428160   0
      88    129.3875047     35.9600058 0.08424909661   3   3.8350017  25.9069880 14.75700000    322.7921357    138.0178947   0.4753E+14 -22.46595000 -21.41902000   0.1024E+12      0.0608664    216.6414661   0
      89    129.5038243     25.2994231 0.02900739234   5   4.1151643  24.3861144 13.64600000    341.0064065     51.6724603   0.2052E+14 -21.12547000 -20.59314000   0.4976E+11      0.0208204     78.2873253   0
      92    129.7190027     40.3420056 0.02530303491   3   3.3468983  24.3967986 13.41200000    330.6016228     36.6895883   0.1717E+14 -21.05735000 -19.14021000   0.2479E+11      0.0196799     71.7411232   0
      96    130.3052210     32.4151299 0.06927347878   3   0.2255285  19.5814300 14.41100000    239.2740092      6.6983313   0.1556E+13 -22.37949000 -20.27761000   0.8038E+11      0.0047023     12.4064676   0
     104    131.6419996     29.6050002 0.07184555111   3   1.0255710  22.5087053 14.08500000    502.8442006     31.5712316   0.2163E+14 -22.74111000 -20.98771000   0.1160E+12      0.0076653     42.5014478   0
     107    132.0034964     31.8305002 0.06958917176   3   5.3944685  25.5815839 13.47300000    651.0075263    160.9367764   0.2424E+15 -23.27636000 -20.79295000   0.1766E+12      0.0360626    258.8712360   0
     119    133.3624971     40.7260101 0.02985288638   3   4.4366608  25.2767724 13.77600000    192.2001561     57.3220583   0.9132E+13 -21.06932000 -19.55192000   0.2696E+11      0.0532452    112.8430571   0
     124    134.0278722     13.1763166 0.01450890861   3   8.4549252  25.9485952 13.04300000    110.8513315     53.2679148   0.2692E+13 -20.18745000 -19.00004000   0.1203E+11      0.0751139     91.8125492   0
     126    134.2005803     51.4110092 0.01683054935   3  10.0986937  25.2381575 11.79100000    217.5809893     73.7709894   0.1462E+14 -21.75634000 -19.46954000   0.4423E+11      0.0588678    141.2341408   0
     127    134.2025920     51.8620594 0.01756901026   3   7.8289833  26.1073087 13.85600000     70.2853844     59.6910080   0.1262E+13 -19.77877000 -19.62016000   0.1304E+11      0.1504219    116.5780769   0
     128    134.2780004     40.0145000 0.09708970214   3   1.0566078  23.1905593 14.59600000    213.0254551     43.6830537   0.4603E+13 -23.06158000 -20.31692000   0.1388E+12      0.0197266     46.3365252   0
     132    134.4984997     30.3470002 0.08818496685   3   0.9017194  22.6571494 14.57600000    592.0025123     33.9351147   0.5114E+14 -22.73095000 -21.01241000   0.1229E+12      0.0102057     66.6201012   0
     142    135.6559995      3.3985006 0.02806197898   3   4.3831840  25.5018568 13.97200000     73.1054770     53.2555650   0.7521E+12 -20.73108000 -19.08846000   0.1882E+11      0.0865629     69.7786436   0
     145    136.2719409     18.3614172 0.01497488278   5  17.5562688  26.0835969 11.82900000    441.0507947    114.1507167   0.6578E+14 -21.45787000 -19.98629000   0.4426E+11      0.0312943    152.1930591   0
     146    136.3106811     28.2565712 0.02763299258   4   3.7927063  25.0897780 13.93300000    129.8725830     45.3812573   0.2159E+13 -20.72297000 -19.09460000   0.1986E+11      0.0426157     61.0278679   0
     147    136.6614997     33.8565014 0.05154474653   3   1.8523333  24.0398456 14.40400000    245.1311245     41.1115698   0.7791E+13 -21.68428000 -20.27697000   0.4589E+11      0.0224642     60.7197896   0
     149    136.8729986     49.6365031 0.03463764894   3   2.1196732  24.5445313 14.58200000    810.2342922     31.7406692   0.6559E+14 -20.57161000 -18.92836000   0.1612E+11      0.0049243     43.9943756   0
     153    136.9879998     49.6000000 0.03763243817   3   0.4289985  20.0517740 14.01300000    668.7958026      6.9744964   0.1194E+14 -21.24964000 -20.69910000   0.4912E+11      0.0013636     10.0557225   0
     154    137.0284998     22.0030014 0.03541547917   3   2.3950918  24.1778932 14.42600000    235.5861958     36.6636260   0.8708E+13 -20.80154000 -20.77121000   0.3091E+11      0.0275785     71.6410536   0
     155    137.2350220     37.5188874 0.02346052757   3   4.0652015  25.5976671 14.33800000    401.5377978     41.3357666   0.2407E+14 -19.98778000 -18.95030000   0.1047E+11      0.0153791     68.0922296   0
     156    137.4138488     37.6583455 0.02429920787   3   6.8299392  25.7410351 13.65600000    254.4591231     71.9174436   0.1847E+14 -20.66720000 -20.41890000   0.2702E+11      0.0453479    127.2376517   0
     161    138.4005005     29.9965007 0.02337836612   3   1.4645268  21.3990369 12.28200000    419.9768647     14.8397134   0.7169E+13 -22.00254000 -20.41541000   0.6409E+11      0.0044196     20.4668912   0
     162    138.4945016     52.6315000 0.03965311602   3   3.4248436  25.1156868 14.04300000    118.0100281     58.6417157   0.2109E+13 -21.43225000 -19.40482000   0.3358E+11      0.0597580     77.7599676   0
     163    138.5130828      7.0468357 0.05728877469   3   1.0845872  22.8654850 14.30500000    161.3960678     26.7174181   0.2881E+13 -22.04645000 -20.12094000   0.5950E+11      0.0269823     48.0190164   0
     164    138.6859867     30.1715070 0.02422621419   3   5.7702389  24.9616266 12.82100000    347.9560387     60.5775406   0.1853E+14 -21.50951000 -20.12187000   0.3919E+11      0.0161356     61.9085904   0
     170    139.2289845     49.8120010 0.02911024884   3   6.1113962  25.7782611 13.39000000    159.0098357     77.0086516   0.7844E+13 -21.39548000 -18.97502000   0.3068E+11      0.0754064    132.2126651   0
     173    139.4735006      9.6765002 0.04081525181   3   2.4712004  24.8593203 14.59800000    301.9668366     43.5411590   0.1139E+14 -20.92277000 -19.64105000   0.2336E+11      0.0181948     60.5826108   0
     177    139.6782256     27.9748558 0.02799156327   3   3.0842113  24.6558547 14.14600000    109.7666806     37.3796503   0.1618E+13 -20.55541000 -19.78196000   0.2034E+11      0.0507744     61.4548921   0
     178    139.6850606     31.4557515 0.04990655642   3   1.6508431  24.0073015 14.75500000    318.2366015     35.4890351   0.1501E+14 -21.26300000 -20.16422000   0.3531E+11      0.0191529     67.2086468   0
     179    139.8469991     33.4265113 0.02426745101   3   5.3110634  26.0384509 14.02500000    180.9197857     55.8513844   0.7185E+13 -20.35129000 -18.47052000   0.1244E+11      0.0430734     85.9282208   0
     180    139.9665071     33.7240076 0.02389855732   3   4.6552954  23.5975147 11.89400000    635.1716218     48.2150740   0.7900E+14 -22.43126000 -20.27485000   0.8498E+11      0.0119296     83.5520589   0
     183    140.0085460     26.7709411 0.02687446059   3   3.1741781  24.6018469 13.94800000    229.9460106     36.9441009   0.6654E+13 -20.68593000 -19.75952000   0.2104E+11      0.0226503     57.4301138   0
     184    140.1770035     33.6930021 0.02323941531   3   2.7761417  25.0718414 14.54900000    158.3590451     27.9636687   0.2125E+13 -19.78895000 -17.82241000   0.7906E+10      0.0222044     38.7723183   0
     188    140.5404836     33.8749989 0.02445731042   3   3.1299269  23.8796946 12.97800000    170.7240664     33.1705587   0.3310E+13 -21.37987000 -19.29028000   0.3137E+11      0.0282612     53.2018499   0
     195    141.4995080     49.3200067 0.02770550311   3   3.3145429  24.2377170 13.77100000     98.2693800     39.7632462   0.1610E+13 -20.88516000 -20.46527000   0.3338E+11      0.0703513     76.2308696   0
     197    141.8135055     23.0375015 0.03028416092   5   4.7724863  24.6150309 13.29500000    546.6796085     62.5455589   0.4142E+14 -21.35050000 -20.29519000   0.5126E+11      0.0114912     69.2690545   0
     199    141.9904846     30.0097569 0.02750429775   5   3.5579938  23.5338576 12.58000000    372.2554256     42.3757800   0.1539E+14 -22.07554000 -20.33616000   0.7257E+11      0.0120741     49.5606673   0
     201    142.4474994      2.2430002 0.02454965490   3   5.3909977  25.5316091 13.68500000    191.9832259     57.3476329   0.8694E+13 -20.71620000 -19.62925000   0.2139E+11      0.0510313    108.0291578   0
     203    143.4715056     10.0915013 0.01155233796   3   8.1615713  24.5848882 11.97200000     67.6822220     40.9632123   0.4883E+12 -20.81400000 -20.06091000   0.2544E+11      0.0651889     48.6507044   0
     205    143.5180009     27.3630002 0.04359184677   3   1.7777812  23.6831099 14.20500000    169.4224852     33.4324263   0.3812E+13 -21.51180000 -20.43577000   0.4213E+11      0.0281607     52.6084909   0
     207    144.1465003     48.4690013 0.02660143673   3   1.3975144  23.0599190 14.23200000    182.4382971     16.1013442   0.1808E+13 -20.34566000 -19.57425000   0.1582E+11      0.0115235     23.1813878   0
     211    144.6589805     48.5495076 0.02549947018   3   4.3684755  24.6807323 13.05900000     26.2485540     48.2580408   0.1336E+12 -21.43025000 -19.20824000   0.3274E+11      0.2878399     83.3099862   0
     212    145.0751263     52.4712014 0.05800052122   3   2.9643287  25.2355292 14.68000000    161.1791376     73.9169649   0.7887E+13 -21.68876000 -20.61872000   0.5106E+11      0.0711845    126.5129823   0
     216    145.5799999      4.2785004 0.02992112367   3   2.9222996  23.9181099 13.15600000    254.4591231     37.8420846   0.1034E+14 -21.69235000 -19.39333000   0.4129E+11      0.0259972     72.9433599   0
     217    145.7819975     14.1740011 0.04696571123   3   4.0200557  25.0448512 13.62900000    249.9035889     81.3858246   0.1579E+14 -22.23509000 -20.40466000   0.7109E+11      0.0412818    113.7552337   0
     218    145.8024460     31.9120229 0.00593660161   3  11.0255918  24.4332612 11.42400000    215.1947571     28.4520498   0.3404E+13 -19.85798000 -19.60378000   0.1255E+11      0.0139368     33.0700901   0
     219    145.8369991     36.2340022 0.02329082744   3   2.2551622  23.0498955 12.85900000    355.1147353     22.7659139   0.9017E+13 -21.40751000 -19.05891000   0.3203E+11      0.0086240     33.7689938   0
     221    145.9245006     22.7815001 0.07009128163   3   1.8433359  24.1652693 14.62500000    204.1313170     55.3834662   0.5526E+13 -22.18736000 -21.01003000   0.8003E+11      0.0247152     55.6306077   0
     223    145.9895142     42.4525075 0.01775926194   3   4.4897468  24.4526466 13.11900000    288.0833039     34.6007774   0.9152E+13 -20.55125000 -19.93113000   0.2076E+11      0.0151910     48.2553932   0
     224    145.9920016     42.6525001 0.01878927703   3   2.3812462  23.6801487 13.38100000    148.5971861     19.4115376   0.1382E+13 -20.38205000 -18.07439000   0.1265E+11      0.0182135     29.8431017   0
     228    146.3275016     34.7030009 0.04149850807   4   1.7923921  23.9289678 14.46800000    137.5422237     32.1044237   0.1261E+13 -21.17528000 -19.36125000   0.3135E+11      0.0241672     36.6524771   0
     236    147.4739996      9.1295000 0.01925652219   3   4.0478389  24.1447828 13.16100000    270.9458182     33.8145637   0.1067E+14 -20.62191000 -20.40041000   0.2555E+11      0.0222116     66.3593608   0
     242    148.2675003     19.4285000 0.02545050760   3   1.7845119  22.3752641 12.84400000    442.3206752     19.6756593   0.1019E+14 -21.71680000 -20.03530000   0.4725E+11      0.0052608     25.6584486   0
     243    148.2769994      7.8575003 0.04199832834   3   2.7455241  24.6207639 14.57200000     80.0472433     49.7628641   0.1224E+13 -21.04752000 -20.74297000   0.3923E+11      0.0812346     71.7015118   0
     244    148.4086971      1.7193417 0.09965149378   3   2.7185496  25.2966933 14.72800000    895.2709301    115.2844204   0.3380E+15 -22.92025000 -20.83464000   0.1318E+12      0.0196236    193.7202176   0
     248    149.0446200     36.4288925 0.05248809877   3   1.9079238  24.1490206 14.35100000    128.4226776     43.1105892   0.3011E+13 -21.75619000 -19.89455000   0.4547E+11      0.0588994     83.4052501   0
     252    149.1650000     -0.3695000 0.08770870646   3   1.4610922  24.0447057 14.76000000    501.9764798     54.6958559   0.4187E+14 -22.62879000 -20.01595000   0.9470E+11      0.0145391     80.4750555   0
     255    149.2784976     15.8840009 0.08233344419   3   3.7503921  25.8011472 14.44800000    529.3096849    131.9661733   0.1212E+15 -22.75128000 -19.96073000   0.1044E+12      0.0336359    196.3152091   0
     257    149.4445001      1.7595001 0.03280250373   3   2.6347153  24.8364257 14.64000000    162.2637886     37.3787312   0.3874E+13 -20.44097000 -19.32787000   0.1759E+11      0.0320484     57.3413920   0
     265    150.6405005     32.7110005 0.05091455503   5   1.2564434  22.4523763 13.79900000    299.8361208     27.5493219   0.7539E+13 -22.30081000 -20.83217000   0.9154E+11      0.0108742     35.9518722   0
     267    151.0115016     51.6215008 0.04967292183   3   1.2029960  23.3220426 14.58000000    567.4893998     25.7417981   0.2778E+14 -21.42503000 -19.83045000   0.3518E+11      0.0063950     40.0163346   0
     271    151.2205527     46.7081627 0.02483562654   3   2.1990516  23.7300752 13.95500000    187.4276917     23.6637577   0.3030E+13 -20.47076000 -19.73432000   0.1862E+11      0.0192743     39.8340072   0
     274    151.6165006     14.4445016 0.03100513829   3   3.2409890  24.9584753 14.59300000     16.4866951     43.4785874   0.5010E+11 -20.33755000 -20.18027000   0.2096E+11      0.4631920     84.2045287   0
     276    151.7165000     14.3775000 0.02926341973   3   2.2207607  22.5583629 12.37700000    486.7913659     28.1296752   0.1708E+14 -22.51361000 -19.87104000   0.8499E+11      0.0067331     36.1407890   0
     277    151.7700053     37.8775015 0.05354382169   3   3.0480127  25.4797483 14.59600000    302.6176272     70.2389886   0.1658E+14 -21.59126000 -18.89405000   0.3639E+11      0.0265049     88.4425847   0
     278    151.8160048     47.6540006 0.05248492900   3   2.7002381  25.1082617 14.73500000    343.6174348     61.0097302   0.3028E+14 -21.39402000 -20.25913000   0.3880E+11      0.0309335    117.2047699   0
     280    152.1075004     37.8390004 0.05444518280   3   0.9696091  22.7254796 14.63000000    184.8245293     22.7150777   0.3342E+13 -21.61849000 -20.20801000   0.4919E+11      0.0219145     44.6613568   0
     286    153.2584995     17.0375006 0.02310164776   3   1.9419067  23.1753519 13.38700000    122.1317019     19.4451790   0.7485E+12 -20.86663000 -18.97979000   0.2098E+11      0.0191769     25.8254588   0
     296    154.7184995     16.1535013 0.02976543826   3   2.7619686  24.1559165 13.50900000    241.4433112     35.5810622   0.5850E+13 -21.32483000 -18.83611000   0.2937E+11      0.0179008     47.6572362   0
     297    154.8400055     28.0100016 0.05111929371   3   4.0298176  25.7956360 14.63200000    151.2003485     88.7104727   0.8327E+13 -21.43884000 -20.25049000   0.4271E+11      0.1000813    166.8578083   0
     299    155.1504990      7.8300002 0.04645975408   3   3.8835304  25.5094488 14.24000000    606.3199054     77.7842635   0.1091E+15 -21.59593000 -19.90007000   0.4199E+11      0.0172999    115.6610117   0
     301    155.1920181     43.0035157 0.02402238754   3   5.7143084  24.2911546 12.92900000    242.0941018     59.4883469   0.1302E+14 -21.42404000 -21.18303000   0.6879E+11      0.0328332     87.6472506   0
     302    155.1989461     25.5269165 0.02173550734   3   4.9704933  23.9695288 12.17600000    190.6816447     46.8425089   0.7030E+13 -21.94626000 -20.53385000   0.5820E+11      0.0419706     88.2460037   0
     303    155.2669622     21.7252311 0.04223006535   3   1.9385001  24.3045985 14.53300000    275.5013524     35.3274137   0.1115E+14 -21.05978000 -19.43787000   0.2559E+11      0.0220658     67.0322660   0
     310    155.6379997     15.1010004 0.04574283043   3   1.7294045  24.1137593 14.76200000    316.9350203     34.1100082   0.1032E+14 -21.05742000 -19.82232000   0.2950E+11      0.0139899     48.8905482   0
     313    155.6830004     19.7960005 0.04011477377   3   1.6519909  23.7560570 14.38600000     70.0684542     28.6123395   0.5606E+12 -21.11847000 -19.50821000   0.2797E+11      0.0592845     45.8040980   0
     314    155.8320011     13.0735004 0.03313568333   3   2.7357301  24.0341515 13.92600000    158.1421149     39.2030275   0.3336E+13 -21.15198000 -20.31259000   0.3963E+11      0.0359835     62.7467434   0
     316    155.8648406     12.8311913 0.03314718017   3   1.9089121  22.8877248 13.35900000    311.2948352     27.3641366   0.9114E+13 -21.74340000 -20.77607000   0.5594E+11      0.0125106     42.9427830   0
     318    156.0510005     28.0300094 0.02208327630   3   5.4034666  25.6310724 13.95900000    170.5071362     51.7337407   0.6562E+13 -20.17980000 -19.48386000   0.1538E+11      0.0547928    103.0165557   0
     322    156.2089976      6.4715004 0.04490256406   3   7.4531957  26.2565151 13.61300000    451.4317435    144.3321089   0.1194E+15 -22.14691000 -20.57124000   0.7173E+11      0.0525340    261.5011460   0
     324    156.3429973     27.3975021 0.05037421277   3   2.9644688  25.0838918 14.48900000    237.7554978     64.3187077   0.1512E+14 -21.55266000 -20.50789000   0.4371E+11      0.0466760    122.3671171   0
     329    156.5107193     57.2060107 0.02660339478   3  11.1943593  26.0866075 12.67700000    467.7015084    128.9844142   0.1194E+15 -21.75164000 -20.58175000   0.5910E+11      0.0483052    249.1170638   0
     330    156.5405024     19.3180040 0.04302843750   3   4.5220081  25.6405854 14.33200000    230.1629408     83.9516610   0.1302E+14 -21.35191000 -20.73392000   0.4311E+11      0.0445731    113.1224759   0
     335    156.8640000      1.2485000 0.02353891595   3   1.4309844  22.2190091 13.63000000     68.7668730     14.5988911   0.2725E+12 -20.67096000 -20.37919000   0.2862E+11      0.0296755     22.5018413   0
     343    157.7582263     11.1077709 0.06420799725   3   1.7274973  23.5701407 13.97600000    801.1232239     47.6145914   0.1293E+15 -22.64514000 -20.52466000   0.1014E+12      0.0104117     91.9735697   0
     345    157.8839957     56.9085008 0.04537819178   3   1.6570256  24.0154813 14.51700000    449.2624415     32.4247320   0.2735E+14 -21.29213000 -19.38667000   0.2937E+11      0.0125094     61.9692842   0
     346    158.2825135     56.7345056 0.04719446072   3   2.9524716  24.1805706 13.42100000    684.4147769     60.0604896   0.8408E+14 -22.37615000 -20.29447000   0.8085E+11      0.0115647     87.2758302   0
     349    158.4679994     57.0605001 0.04810860738   3   0.6309043  21.3482938 14.09700000    456.4211381     13.0798813   0.1049E+14 -21.76015000 -20.66129000   0.5324E+11      0.0038123     19.1862977   0
     350    158.5143659     59.4021856 0.04490268611   3   0.2994507  19.7053092 13.90700000    481.8019713      5.7989145   0.5014E+13 -21.90502000 -19.58886000   0.5032E+11      0.0018551      9.8553562   0
     352    158.5629864     56.7130014 0.04497417980   4   3.4732477  25.4971870 14.76600000    375.1476935     67.3659917   0.2768E+14 -21.02142000 -19.73562000   0.3225E+11      0.0208363     86.1912146   0
     353    158.6580028     10.2870010 0.03397922006   3   5.1335158  25.9016553 14.43000000     47.0738531     75.4212595   0.4324E+12 -20.73377000 -20.53129000   0.2701E+11      0.1684941     87.4591477   0
     368    160.0150021     39.1105007 0.03167304205   3   1.8356454  23.2324190 13.50900000    736.0441642     25.1521980   0.5232E+14 -21.45809000 -19.46488000   0.3506E+11      0.0045271     36.7422505   0
     370    160.3614988     31.6790001 0.03592864062   3   2.9164325  25.0127547 14.66700000    127.9888172     45.2856760   0.2449E+13 -20.59364000 -19.95367000   0.2215E+11      0.0497778     70.2504069   0
     374    160.8220300     40.8325050 0.03114881000   3   7.6687760  26.0870675 13.29600000    349.9084105    103.3516668   0.5147E+14 -21.63796000 -19.72866000   0.4100E+11      0.0494152    190.6583740   0
     383    161.5725089     25.9420375 0.02186592350   3  11.3401052  26.2334488 13.33000000    124.9517945    107.5087477   0.4799E+13 -20.80101000 -20.55877000   0.3830E+11      0.1093994    150.7294268   0
     384    161.6088532      7.5950623 0.05891221333   3   1.6827439  23.9631060 14.42300000     78.7456621     42.6102096   0.1055E+13 -21.97501000 -19.97776000   0.5474E+11      0.0894219     77.6445750   0
     385    161.9484985     30.6315019 0.03543297625   3   2.4506895  24.0410658 14.24000000    224.0888953     37.5330880   0.7586E+13 -21.01723000 -20.79298000   0.3706E+11      0.0265590     65.6256006   0
     386    162.0365076     12.5575117 0.00422776644   3   9.7648845  22.6039451  9.69600000    533.6482888     17.9403685   0.1709E+14 -20.79859000 -19.83372000   0.2305E+11      0.0046960     27.6324835   0
     389    162.2649718      2.8813876 0.06832300000   3   0.7414064  22.4470272 14.74100000    223.4381047     21.7231108   0.4554E+13 -22.04031000 -20.05897000   0.6056E+11      0.0169254     41.7000959   0
     391    162.3836541     56.6978971 0.04736701298   3   1.6656927  23.5172696 14.70700000    191.1155051     34.0067621   0.5012E+13 -21.17875000 -20.75785000   0.5054E+11      0.0297231     62.6368729   0
     394    162.6079997      8.7535005 0.02211512008   3   2.3846185  24.2068448 14.28000000    577.6851192     22.8635177   0.1789E+14 -20.01630000 -19.14817000   0.1163E+11      0.0035950     22.8997268   0
     400    162.9538536     51.0154441 0.02592710195   3   1.8276678  22.3895538 13.14100000    887.6783731     20.5266467   0.7075E+14 -21.35425000 -20.59935000   0.4768E+11      0.0041867     40.9792605   0
     401    163.1074915     30.0765078 0.03557179572   3   5.2204023  25.3393500 14.07800000     59.6558046     80.2627465   0.1110E+13 -21.17941000 -21.11281000   0.5185E+11      0.1808672    118.9743058   0
     405    163.4481350     26.9174364 0.02210893653   3   4.0725116  25.1825194 14.23900000    162.2637886     39.0360291   0.4405E+13 -19.94867000 -19.60040000   0.1359E+11      0.0426745     76.3537498   0
     406    163.6225539     47.5080111 0.02248100582   3   7.8685913  26.2635960 13.53200000    131.6766306     76.6854352   0.5326E+13 -20.69869000 -19.30038000   0.1928E+11      0.0896933    130.2294877   0
     414    164.3799962     45.6255027 0.04378977450   3   2.3328425  24.4076617 14.33300000    140.3538386     44.0678552   0.2699E+13 -21.35915000 -19.85874000   0.3695E+11      0.0383224     59.3086047   0
     416    164.4205601     40.8800253 0.02617740068   3   9.3334185  25.8535030 12.69300000    717.6050974    105.8302666   0.2323E+15 -21.82948000 -20.19010000   0.5228E+11      0.0260346    206.0050330   0
     417    164.4819021     23.8548950 0.04504781000   3   1.3129471  23.2574904 14.46300000     83.9519869     25.5067375   0.6994E+12 -21.29220000 -20.29029000   0.3562E+11      0.0485673     44.9589423   0
     419    164.5361530      8.2455521 0.03603329631   3   3.8060986  24.7883902 13.45900000    409.1303548     59.2708919   0.4339E+14 -21.80288000 -19.32285000   0.4554E+11      0.0262206    118.2893740   0
     428    165.2410000     12.2484826 0.03564621817   3   2.2981362  24.2712051 14.62000000    515.8600125     35.4067318   0.3998E+14 -20.61655000 -20.55528000   0.2785E+11      0.0120645     68.6249738   0
     430    165.5438482     37.9676081 0.02949190890   4   4.2699001  25.4307993 14.36700000     63.2489705     54.5049267   0.7011E+12 -20.43871000 -19.98970000   0.2121E+11      0.1096520     76.4734795   0
     432    165.8605165     45.1990107 0.02192636156   3   4.7663035  25.6766078 13.94300000    274.6336316     45.3107282   0.1449E+14 -20.13189000 -18.64603000   0.1091E+11      0.0289844     87.7727029   0
     433    166.0254977     45.2820002 0.02219104919   3   2.4619516  23.8465602 13.57400000     77.0102205     23.6856301   0.5335E+12 -20.63307000 -19.11257000   0.1717E+11      0.0394542     33.5029268   0
     439    166.5624999      9.0620000 0.07530742221   3   0.8309176  22.4268124 14.66100000    270.0780974     26.7888330   0.5530E+13 -22.35254000 -20.91056000   0.9546E+11      0.0113812     33.8936589   0
     442    166.6620013     13.2925002 0.04702923245   3   4.3877487  26.2389595 14.55400000    167.2531832     88.9485458   0.5594E+13 -21.33298000 -18.61892000   0.2851E+11      0.0482996     89.0756474   0
     445    166.7045008     14.2250002 0.04641522678   4   2.8190738  24.3083236 14.02700000    641.2842267     56.4104588   0.7380E+14 -21.80976000 -20.47398000   0.6652E+11      0.0112856     79.8023247   0
     449    166.9955024     55.8825002 0.05112161018   3   1.5826641  23.8274411 14.37500000    376.3738948     34.8415657   0.1279E+14 -21.69110000 -19.18220000   0.4031E+11      0.0106933     44.3784900   0
     455    167.1745009     29.2385002 0.07870689114   3   1.8683812  24.4039674 14.60800000    199.1419224     62.9034588   0.7211E+13 -22.48653000 -20.15952000   0.8490E+11      0.0351949     77.2827746   0
     461    167.7374964     25.8875016 0.04116094935   3   3.2959259  25.1863266 14.22800000    245.3480547     58.5594416   0.1418E+14 -21.37124000 -19.16699000   0.3232E+11      0.0351739     95.1576502   0
     462    167.7432478     13.6783801 0.07092472724   3   1.5763092  23.7263777 14.36800000    407.1779830     47.9140154   0.3188E+14 -22.43421000 -20.43765000   0.8753E+11      0.0195471     87.7619939   0
     464    167.7909992     39.5920005 0.07912345815   3   1.1809681  22.8045000 14.35400000    607.8384168     39.9664473   0.4270E+14 -22.73952000 -21.98212000   0.1445E+12      0.0084765     56.8128466   0
     465    167.8179999      3.9425005 0.05373565101   4   3.4764278  25.2088918 14.32700000    368.2961477     80.3947895   0.2678E+14 -21.85539000 -20.58045000   0.6029E+11      0.0246170     99.9708253   0
     470    168.0111050     35.4578895 0.02529846524   3   2.3469018  23.1994865 12.98500000    316.0672995     25.7227395   0.9651E+13 -21.52584000 -19.57155000   0.3706E+11      0.0127004     44.2625149   0
     471    168.0179995      3.0935000 0.03104084934   3   6.0596539  25.2364059 13.09100000     98.0524498     81.3845780   0.3280E+13 -21.82929000 -20.22951000   0.5645E+11      0.1442504    155.9610934   0
     474    168.1702993     23.2697269 0.02368836042   4   4.6355601  24.8049037 13.64300000    420.6542285     47.5906300   0.2842E+14 -20.64830000 -20.01787000   0.2763E+11      0.0152358     70.6693794   0
     478    168.4600006     39.4105002 0.07637314997   3   0.9580461  22.8555170 14.59900000    561.8492147     31.3164006   0.2500E+14 -22.41458000 -20.66700000   0.8706E+11      0.0058363     36.1574900   0
     481    168.6744999      4.0175000 0.04198906110   3   1.1897116  22.4875149 13.82900000    304.1361386     21.5589145   0.8253E+13 -21.83233000 -20.42603000   0.5318E+11      0.0121770     40.8365278   0
     482    168.7550000      4.0830000 0.04047909044   3   0.7572132  21.6691891 13.92600000    726.4992355     13.2328335   0.2809E+14 -21.61463000 -19.84557000   0.4245E+11      0.0028649     22.9498030   0
     483    168.7854984     36.5625001 0.02580640278   3   2.7515494  25.1109595 14.57800000    131.0258400     30.7597971   0.1838E+13 -19.92217000 -18.31840000   0.8879E+10      0.0338714     48.9363026   0
     485    168.9205081     55.9715002 0.03362546489   3   5.8363452  25.6717919 13.70200000    107.1635182     84.8614369   0.3167E+13 -21.37854000 -20.61361000   0.4079E+11      0.1066106    125.9761124   0
     486    169.0665587     29.4158505 0.03020826101   3   3.8631228  24.6910463 13.70700000    364.0088734     50.5019362   0.2719E+14 -21.16538000 -20.26147000   0.3506E+11      0.0221007     88.7070421   0
     487    169.0856690     55.6659823 0.03373128718   3   4.9311772  24.9434412 13.10700000    339.7126912     71.9240065   0.3494E+14 -22.00488000 -20.31638000   0.5856E+11      0.0369333    138.3471972   0
     488    169.1889970     54.7265001 0.04239555692   3   2.9603469  24.5784628 14.07700000    344.0512952     54.1589663   0.1745E+14 -21.49331000 -20.49617000   0.4659E+11      0.0172475     65.4318925   0
     489    169.2703798     35.2614124 0.02785412862   3   3.6740693  25.1164774 14.49800000    583.9760949     44.3112857   0.6614E+14 -20.06884000 -20.05250000   0.1789E+11      0.0137453     88.5096129   0
     490    169.2887784     27.3503869 0.06709572628   3   2.3224182  24.8609709 14.70600000    250.5543795     66.8442367   0.1790E+14 -21.99220000 -20.38720000   0.6015E+11      0.0471192    130.1788054   0
     497    169.8912324     57.8907273 0.00702909259   3  20.1984747  25.4655947 10.74500000    337.5433892     61.7154354   0.2254E+14 -20.95980000 -19.45385000   0.2331E+11      0.0250137     93.0997659   0
     501    170.1990000      0.4650000 0.02539831449   3   0.9372173  21.6656602 13.85600000    335.3740872     10.3124929   0.3235E+13 -20.61670000 -20.02237000   0.2330E+11      0.0038868     14.3733910   0
     504    170.6560007     59.3120001 0.05075069695   3   0.6045062  22.0440582 14.66900000    282.2261885     13.2125290   0.3084E+13 -21.43845000 -18.69638000   0.3148E+11      0.0060723     18.8968334   0
     506    170.7780030     56.1915044 0.06743759632   4   2.2430903  24.2793602 14.75200000    146.7457926     64.8845373   0.3671E+13 -21.98810000 -21.18911000   0.9785E+11      0.0492385     79.6730462   0
     515    171.3399984     22.3725002 0.06273273985   3   3.9766034  26.0211644 14.66900000    250.7713097    107.1261080   0.2870E+14 -21.87491000 -20.13226000   0.5220E+11      0.0753852    208.4512999   0
     519    171.6150004     54.7885001 0.04737629483   3   0.5122001  21.4996092 14.73200000    172.4595080     10.4590975   0.1180E+13 -21.20623000 -19.84417000   0.3196E+11      0.0077472     14.7323927   0
     521    172.0074952     27.3665027 0.03343519122   3   3.7502632  25.4266780 14.31900000    145.9940237     54.2232800   0.4425E+13 -20.74281000 -19.48685000   0.2089E+11      0.0488533     78.6447628   0
     523    172.2355270     20.7401375 0.02192388021   3   1.5181406  22.7703311 13.68300000     57.0526423     14.4305327   0.1951E+12 -20.48678000 -19.49438000   0.1701E+11      0.0417465     26.2625302   0
     524    172.2529990     22.9815001 0.03320950694   3   2.6637897  25.2221540 14.72700000    456.6380683     38.2565049   0.2044E+14 -20.35360000 -18.43678000   0.1291E+11      0.0098113     49.4015106   0
     525    172.2803202      9.0878460 0.02212751064   3   3.3586108  24.5638522 13.53900000     98.2693800     32.2200289   0.1319E+13 -20.61343000 -18.48528000   0.1592E+11      0.0575216     62.3289407   0
     532    172.9000020     67.2380002 0.05455750345   3   0.9006801  22.2459967 14.10200000    362.4903621     21.1432281   0.9031E+13 -22.11309000 -20.32910000   0.6452E+11      0.0081775     32.6858756   0
     534    173.0704998     28.0565048 0.02425540429   3   3.8657464  24.9869168 13.63800000    239.0570790     40.6322897   0.8868E+13 -20.73250000 -18.62919000   0.1750E+11      0.0221070     58.2735219   0
     542    173.5185929     25.5682030 0.07178039223   3   1.4163284  23.4562530 14.46300000    665.9757101     43.5614898   0.7296E+14 -22.39040000 -21.40710000   0.9641E+11      0.0102436     75.2233864   0
     545    173.6574982     48.9535058 0.03073785628   3   2.8918235  24.2953819 13.96700000    738.2134662     38.4623907   0.6451E+14 -21.04960000 -20.36903000   0.3171E+11      0.0066956     54.5023566   0
     546    173.6909069     49.0835615 0.03329416221   4   1.2932163  21.8469845 13.01200000    274.7776618     18.6197396   0.5542E+13 -22.12385000 -20.09570000   0.6943E+11      0.0108217     32.7881319   0
     549    173.9080259     54.9336354 0.01978012019   3   1.8899559  22.4027390 12.71900000    393.2944503     16.2156689   0.1019E+14 -21.20961000 -19.35678000   0.2894E+11      0.0069373     30.0849633   0
     552    174.1229248     49.0633214 0.03421967193   3   2.3650431  24.2987001 13.93900000    683.1131958     34.9909621   0.6991E+14 -21.12685000 -18.37604000   0.2362E+11      0.0090766     68.3687128   0
     553    174.2205006     19.9885001 0.02234716871   3   2.0748736  23.1547259 13.96300000    292.8557683     20.1014247   0.5079E+13 -20.17741000 -20.15423000   0.2300E+11      0.0087654     28.3051296   0
     557    174.4934973     47.4750010 0.03439687555   3   1.6573900  23.1905183 14.04500000     92.6291949     24.6471592   0.5475E+12 -21.13296000 -20.54493000   0.3478E+11      0.0319709     32.6545582   0
     558    174.6105000     20.5255006 0.02686090877   3   1.6306425  22.5787529 13.25100000    386.1357537     18.9694527   0.1198E+14 -21.34431000 -19.87899000   0.3451E+11      0.0086216     36.7086794   0
     562    174.8634980     26.3140028 0.02395740002   3   3.2124110  24.5827207 13.77000000      9.7618589     33.3525464   0.8447E+10 -20.57772000 -19.26331000   0.1708E+11      0.4191850     45.1210311   0
     564    175.5220001     10.3675000 0.02194843365   3   1.9940247  23.0281374 13.34500000    208.4699210     18.9751266   0.2130E+13 -20.79643000 -19.84651000   0.2246E+11      0.0107063     24.6106793   0
     565    175.6024997      8.7765001 0.02268800343   3   1.7815006  22.8963368 13.74600000    289.1679549     17.5211416   0.5985E+13 -20.50545000 -20.38807000   0.2264E+11      0.0102511     32.6861023   0
     567    175.6259963     58.5985002 0.06521803530   3   2.2627311  24.8205123 14.74600000     51.1955269     63.3326483   0.6655E+12 -21.89541000 -20.08280000   0.5611E+11      0.1872445    105.7016729   0
     569    175.7725717     59.5635212 0.06505204962   4   1.7378084  23.8776012 14.54000000    290.8327764     48.5184999   0.1348E+14 -22.10038000 -20.77273000   0.7873E+11      0.0214438     68.7679018   0
     575    176.1189866     20.0943690 0.02530958466   4   2.2715303  23.3780734 13.64600000    355.7179370     24.9075263   0.1081E+14 -20.65236000 -19.91029000   0.2661E+11      0.0100437     39.3949149   0
     578    176.4065001     64.5065000 0.06340829578   3   0.7804274  21.6971427 14.42300000    530.3943359     21.2469391   0.2399E+14 -22.17202000 -21.74210000   0.1123E+12      0.0062294     36.4320978   0
     579    176.4102154     -2.0272057 0.08104131733   3   1.9469587  24.4226540 14.75000000    243.6126132     67.4544568   0.1329E+14 -22.37701000 -21.09443000   0.9452E+11      0.0379624    101.9750366   0
     595    177.9189998      8.7555007 0.03631958229   3   2.7599814  24.3773467 13.83300000    350.3422709     43.3186912   0.2250E+14 -21.45478000 -19.40425000   0.3603E+11      0.0216839     83.7663957   0
     598    178.3894572     23.1036562 0.02822409682   3   5.6968156  25.6255676 13.79400000    141.0046292     69.6134474   0.6035E+13 -20.89616000 -20.33196000   0.2836E+11      0.0890925    138.5209295   0
     607    179.4012952     32.3097169 0.01188859545   3   3.8158989  23.5000434 12.64100000    174.6288100     19.7084959   0.2547E+13 -20.02287000 -19.57403000   0.1466E+11      0.0197992     38.1244199   0
     614    180.0076276     31.8370815 0.02709138040   3   4.9038058  25.5818203 14.06900000     76.7932903     57.5330031   0.1379E+13 -20.52142000 -19.59178000   0.2004E+11      0.1166350     98.7626873   0
     618    180.2884961     56.3780014 0.06506835979   3   1.5596887  23.8790292 14.74600000    723.4622127     43.5562583   0.7289E+14 -21.90656000 -20.97041000   0.6426E+11      0.0080764     64.4278730   0
     622    180.6080003     12.3085000 0.04176889123   3   3.5574303  25.0091262 13.82500000    324.9614377     64.1299798   0.2763E+14 -21.77020000 -19.31023000   0.4467E+11      0.0300307    107.6064024   0
     630    181.2685009      6.3055006 0.03890570956   3   3.6698414  24.9882062 13.86900000    120.8301207     61.6631293   0.3552E+13 -21.54943000 -20.20653000   0.4134E+11      0.0712472     94.9257376   0
     633    181.2999997     10.6005000 0.03458693696   3   4.7458667  25.4031787 13.66600000     13.2327421     70.9629413   0.3328E+11 -21.50249000 -19.60298000   0.3726E+11      0.6557429     95.6806744   0
     634    181.3740007      1.6065005 0.02067305211   3   6.6884115  26.0275544 13.95600000    405.4425414     59.9651279   0.4112E+14 -20.04838000 -19.88172000   0.1482E+11      0.0255906    114.4064625   0
     636    181.5024987     40.1480040 0.03804188447   3   2.8207036  24.1333224 13.52700000     93.0630552     46.3524406   0.1400E+13 -21.86786000 -19.90561000   0.5190E+11      0.0684490     70.2400933   0
     646    182.4810000     47.1344376 0.03219418966   3   4.6305490  25.5472739 14.13800000    368.1305472     64.4844744   0.3698E+14 -20.93490000 -20.02217000   0.2759E+11      0.0306807    124.5397012   0
     652    182.7373892     30.8680743 0.07524734061   4   1.5599335  23.8362815 14.71900000    355.4111513     50.2529662   0.2142E+14 -22.25141000 -20.67034000   0.8983E+11      0.0190745     74.7524545   0
     653    183.1032834     29.1711567 0.01405355976   3   2.8113310  22.3301182 11.98300000    157.4913243     17.1576095   0.1759E+13 -21.11555000 -19.96691000   0.3395E+11      0.0175251     30.4339551   0
     655    183.1845003     10.0260009 0.03344696559   3   2.9346244  25.2315047 14.71000000    291.5541871     42.4451702   0.1449E+14 -20.39233000 -19.39131000   0.1559E+11      0.0213953     68.7825281   0
     662    183.3310083     50.7505072 0.03131751448   3   3.3150568  23.5448099 12.55500000    375.0723136     44.9170589   0.2647E+14 -22.40377000 -20.17446000   0.8157E+11      0.0208007     86.0268987   0
     663    183.5260028     13.5774661 0.04404959897   3   1.2840001  23.0689674 14.16400000    219.3164309     24.3974261   0.4925E+13 -21.56355000 -19.78243000   0.3894E+11      0.0193281     46.7412789   0
     665    183.6090184     34.5835072 0.03324875782   3   6.0334214  25.7511588 13.89000000     64.6451992     86.7517252   0.1437E+13 -21.18293000 -20.46880000   0.4020E+11      0.1923339    137.0985748   0
     667    183.8319985     59.9725005 0.06059800000   3   0.8531849  22.5586559 14.55500000     10.8465099     22.2133856   0.9103E+10 -21.92769000 -20.01220000   0.5523E+11      0.2667675     31.9053622   0
     678    184.6639993     48.8665000 0.04539276495   3   1.5185785  23.2252516 13.99400000    222.7873141     29.7250368   0.3830E+13 -21.82077000 -20.18315000   0.5139E+11      0.0143378     35.2218925   0
     682    185.0049994     56.1405000 0.03440428184   3   2.7008277  24.4782401 14.13000000    144.6924425     40.1727714   0.3292E+13 -21.03208000 -20.02029000   0.2815E+11      0.0380863     60.7652219   0
     689    185.4990024     10.5835055 0.02713363517   3   7.1193703  26.3234275 13.71600000    224.3058255     83.6562029   0.1103E+14 -20.94424000 -19.25599000   0.2208E+11      0.0404995    100.1685228   0
     695    186.0185081     58.3710032 0.01551684899   3   2.1579303  22.7815391 13.02100000     43.8199001     14.5370743   0.1134E+12 -20.33874000 -19.58838000   0.1637E+11      0.0518931     25.0738902   0
     696    186.0670046     20.2844767 0.06574329666   3   0.7001502  21.7166591 14.66100000    241.0094508     19.7521365   0.4867E+13 -22.00560000 -21.53512000   0.9635E+11      0.0143929     38.2491858   0
     697    186.1220084     66.5735015 0.08661649305   3   1.5495938  23.5934078 14.34100000    422.5800271     57.3019778   0.3717E+14 -22.96527000 -21.29250000   0.1501E+12      0.0170479     79.4364655   0
     699    186.2345000      2.7820000 0.02712708449   3   2.2807875  24.8621332 14.74400000     84.8197077     26.7939677   0.4958E+12 -19.88564000 -18.00565000   0.8636E+10      0.0358471     33.5267649   0
     704    186.6329997      9.0275003 0.02619519708   3   1.9925437  22.1743657 13.01100000     72.2377562     22.6084158   0.4849E+12 -21.55531000 -21.37851000   0.7274E+11      0.0534384     42.5655517   0
     709    187.0759913     50.3365047 0.04059792153   3   2.9391589  25.1426870 14.56400000    358.8025487     51.5132193   0.2861E+14 -21.02692000 -19.82906000   0.2616E+11      0.0256418    101.4481160   0
     713    187.7334960     51.3490015 0.04463851477   4   1.8337226  23.4779306 14.30500000    410.2235171     35.3036531   0.1316E+14 -21.45951000 -20.95603000   0.5608E+11      0.0088662     40.1048105   0
     714    188.5935046     65.4910002 0.06447490255   3   1.7324669  24.2000897 14.54100000     99.3540310     47.9469332   0.1529E+13 -22.07351000 -19.45369000   0.5704E+11      0.0645635     70.7315593   0
     715    188.7419666     50.8460062 0.04055049469   4   5.7005503  25.4587225 13.53000000    105.8410420     99.7952019   0.2407E+13 -21.98322000 -20.91226000   0.7064E+11      0.0927318    108.2239445   0
     716    188.8343917     47.3010326 0.03171696121   3   1.0968135  22.9389171 14.44200000    151.6342089     15.0493365   0.1326E+13 -20.53481000 -19.01274000   0.1612E+11      0.0157142     26.2742494   0
     730    190.3470000     12.1760000 0.07416768981   3   1.3200000  23.4901801 14.44400000    250.7713097     41.9245010   0.6322E+13 -22.50835000 -20.13077000   0.8674E+11      0.0165910     45.8766048   0
     733    190.8955174     41.0035040 0.02477546644   3   5.2800700  25.2478066 13.22300000    361.6226413     56.6814105   0.1960E+14 -21.18756000 -19.22530000   0.2662E+11      0.0190647     76.0196019   0
     736    191.3224999      1.8180001 0.04890337969   4   2.7123863  24.0874843 13.58800000    184.6338178     57.1512046   0.5538E+13 -22.36289000 -20.13153000   0.8437E+11      0.0348130     70.8751536   0
     745    192.7100005      9.0820003 0.08131936732   3   2.3610331  24.9864966 14.72400000    426.2678405     82.0755869   0.4919E+14 -22.43507000 -20.25814000   0.8438E+11      0.0258118    121.3227192   0
     746    192.9574997      4.5660002 0.06418581674   3   2.5020142  24.1808032 14.04200000    310.4271144     68.9389594   0.1911E+14 -22.60583000 -21.79508000   0.1226E+12      0.0244948     83.8443245   0
     747    193.0053761     11.0715851 0.00443243053   3  32.9263320  25.9044371 10.42700000    280.4907469     63.4261084   0.2072E+14 -20.64563000 -19.85132000   0.2125E+11      0.0389605    120.4989865   0
     750    193.5579977     27.0765043 0.02877637971   3   3.8464519  23.5828092 12.28700000    639.9440862     47.9162422   0.7500E+14 -22.45529000 -20.46988000   0.8604E+11      0.0098291     69.3583063   0
     753    193.6441179     53.1002053 0.05439892939   3   1.5366835  23.1824484 13.78100000    339.9296214     35.9697760   0.1699E+14 -22.44888000 -19.82985000   0.8048E+11      0.0178998     67.0929328   0
     756    193.9579331     48.4754629 0.02928520028   3   4.8506531  25.6711177 13.98000000    112.3698429     61.4871217   0.2939E+13 -20.80498000 -19.55062000   0.2155E+11      0.0858366    106.3562393   0
     770    194.8280005     30.0345001 0.08481920062   3   1.2527618  23.3292086 14.51100000    416.5059815     45.3843909   0.2263E+14 -22.79371000 -21.16612000   0.1232E+12      0.0137924     63.3433234   0
     774    195.0350000      8.6985000 0.04733102613   3   0.9307430  21.8300378 13.74800000    134.9305836     18.9877619   0.1012E+13 -22.17028000 -20.65209000   0.7584E+11      0.0182257     27.1166803   0
     780    195.7080286     62.4750072 0.07627623814   3   3.3802481  25.0599133 14.39500000    352.9454333    110.3552317   0.3898E+14 -22.60775000 -21.70406000   0.1417E+12      0.0397936    154.8678936   0
     782    195.7905016     47.4145000 0.02510724639   3   4.0251226  25.0705013 13.58900000    109.1158900     43.7849703   0.2034E+13 -20.86722000 -18.31667000   0.1879E+11      0.0546861     65.7969741   0
     784    196.0177739     38.1900051 0.05228477235   3   2.4884072  25.0512698 14.65800000    383.9664517     56.0118729   0.2840E+14 -21.46381000 -19.25834000   0.3391E+11      0.0213928     90.5734104   0
     790    196.5259124     53.6436734 0.03047206183   3   3.5634075  24.0113202 13.03400000    175.7134610     46.9877768   0.5473E+13 -21.81168000 -20.65528000   0.5726E+11      0.0418373     81.0606196   0
     792    197.0365060     33.9820015 0.03502684276   3   3.6741519  25.3426584 14.14500000    355.7655259     55.6310901   0.2767E+14 -20.98389000 -19.34595000   0.2315E+11      0.0216116     84.7796199   0
     794    197.1071807     15.7068862 0.08408986998   4   1.7568864  24.0188910 14.67600000    394.7308428     63.1115591   0.3250E+14 -22.59912000 -21.11015000   0.1250E+12      0.0219631     95.5951066   0
     797    197.2370002     -0.7915001 0.01911895345   3   4.5443421  24.2390453 13.03400000    404.3578904     37.6921117   0.1605E+14 -20.80005000 -20.18133000   0.2896E+11      0.0112639     50.2222149   0
     799    197.3534031     51.4835944 0.05635245049   3   3.3232773  24.8859349 14.22300000     86.1212889     80.5448677   0.2527E+13 -22.07082000 -20.97092000   0.8257E+11      0.1637618    155.5119649   0
     802    197.7044997     56.6310000 0.08122052833   5   2.2802388  24.3509508 14.47500000    496.5980056     79.1725517   0.4992E+14 -22.69109000 -21.37562000   0.1416E+12      0.0174865     95.7520727   0
     803    197.8085020     46.7255001 0.02759233082   3   2.9632117  24.8631995 14.47300000    109.9836107     35.4041691   0.1334E+13 -20.23101000 -19.61675000   0.1527E+11      0.0415813     50.4273885   0
     804    197.8465954     47.5386888 0.02959815262   3   1.9570263  23.9612667 14.25100000     52.9309685     25.0706693   0.2558E+12 -20.57529000 -19.41205000   0.1734E+11      0.0712211     41.5680375   0
     806    197.9017481     47.3045293 0.02913179572   3   4.0185965  25.9895652 14.73200000    191.9832259     50.6748692   0.7982E+13 -20.06390000 -18.80009000   0.1106E+11      0.0466882     98.8351145   0
     813    198.8231615     13.0904867 0.02596916898   3   1.3850706  23.3027484 14.23100000     37.0950640     15.5809023   0.7295E+11 -20.30365000 -18.42312000   0.1222E+11      0.0596359     24.3929862   0
     817    199.1375095     52.9365013 0.03328288962   3   3.0910061  24.4213358 13.64500000    273.1151202     44.4893843   0.7652E+13 -21.43271000 -19.80553000   0.3583E+11      0.0155654     46.8756142   0
     819    199.3775001     20.6100000 0.02322647838   3   1.2117695  21.9926530 13.48900000    280.7076771     12.1992164   0.3013E+13 -20.79079000 -19.98346000   0.2492E+11      0.0059511     18.4199942   0
     821    199.6104815     60.4350017 0.06376566552   3   3.5930664  25.6229490 14.73900000    251.8559607     98.3630672   0.1828E+14 -21.84439000 -20.65724000   0.6425E+11      0.0509559    141.5101428   0
     824    199.7447273     30.7990977 0.03187407814   3   2.2159433  23.9623821 14.12500000    221.4857329     30.5543770   0.5471E+13 -20.87557000 -20.20579000   0.2625E+11      0.0211145     51.5664568   0
     825    199.9783807     42.6717805 0.07679297898   3   1.9905581  23.8974305 14.29600000    670.3143140     65.4179162   0.1285E+15 -22.64074000 -22.06689000   0.1377E+12      0.0176556    130.4975214   0
     837    201.8385000     -0.9970000 0.07474039184   3   1.4999822  23.7894617 14.57600000    332.5539946     48.0020887   0.1655E+14 -22.38874000 -20.44225000   0.8525E+11      0.0176728     64.8048635   0
     840    202.0090340     65.8620069 0.06669897858   3   3.2084131  25.3675532 14.59200000    186.7769011     91.8078818   0.1043E+14 -22.10579000 -20.90206000   0.7212E+11      0.0683575    140.7829015   0
     848    202.8434998     -1.6540000 0.02264360265   3   4.8790586  25.1114330 13.60000000    150.7664881     47.8923343   0.4585E+13 -20.60817000 -19.76046000   0.2127E+11      0.0554571     92.1940671   0
     859    203.7520048     34.0455062 0.02458304027   3   4.0773838  24.5887832 13.19100000    312.3794862     43.4325044   0.1101E+14 -21.19246000 -19.51533000   0.2881E+11      0.0168086     57.8969162   0
     875    204.6554985     57.3085006 0.06932442284   4   0.9736430  22.3905409 14.40000000    400.0484604     28.9386843   0.1102E+14 -22.38827000 -21.29984000   0.1130E+12      0.0078506     34.6304393   0
     882    205.0797811     56.8053280 0.06771290083   3   0.3522255  20.7319443 14.59200000    583.5422345     10.2295285   0.1476E+14 -22.22553000 -20.12338000   0.6850E+11      0.0030765     19.7957297   0
     883    205.1065850      5.0557203 0.02401051183   4   5.3207797  25.5361857 13.78600000    152.9326361     55.3643081   0.4520E+13 -20.56945000 -19.46973000   0.1942E+11      0.0527291     88.9183421   0
     884    205.1384996      4.7860001 0.02391751382   3   3.8895955  24.9128866 13.59200000     19.7406481     40.3164730   0.6329E+11 -20.75663000 -18.87594000   0.1840E+11      0.3012865     65.5815826   0
     886    205.3075489     30.3806908 0.04094342772   3   1.2384128  22.6746744 13.86800000     84.6027775     21.8879935   0.5508E+12 -21.71344000 -20.11865000   0.4569E+11      0.0372397     34.7401208   0
     887    205.3096612     52.0940146 0.06005029164   3   1.6165714  23.4451324 14.32200000    408.9134246     41.7139143   0.2567E+14 -22.17177000 -21.54950000   0.8699E+11      0.0155600     70.1585963   0
     893    205.7594983     49.0720004 0.06331723959   3   1.3130683  23.3795602 14.36900000    148.3802559     35.6974083   0.2397E+13 -22.19136000 -19.85914000   0.6606E+11      0.0323241     52.8862664   0
     904    206.4484869     56.6305053 0.03535584469   3   2.9031784  24.0618978 13.32100000     79.1795225     44.3671014   0.7572E+12 -21.90102000 -19.45797000   0.5030E+11      0.0689715     60.2175428   0
     911    206.7550045      3.6450173 0.02421653014   3   4.0730437  25.4735108 14.24100000    240.1417300     42.7429179   0.1061E+14 -20.14036000 -18.79640000   0.1242E+11      0.0317189     83.9899107   0
     913    207.3009995      5.0715003 0.07857748934   3   3.0289584  25.0193965 14.68100000    286.9986529    101.8125952   0.3426E+14 -22.44043000 -21.92064000   0.1268E+12      0.0577322    182.7001041   0
     922    208.0049990     10.0960007 0.06567816182   4   3.1615547  25.2847351 14.75300000    253.9673700     89.1045597   0.1103E+14 -21.91799000 -20.94512000   0.7263E+11      0.0372353    104.2732736   0
     923    208.0408540     40.1569842 0.05782220918   3   2.3291172  24.7124253 14.39900000    753.1816499     57.9016013   0.1401E+15 -21.95388000 -19.23593000   0.5054E+11      0.0135806    112.7871272   0
     925    208.0900023     14.5150009 0.04193872439   3   3.7743722  24.9138111 13.87200000    179.1843441     68.3147113   0.9547E+13 -21.76704000 -20.51120000   0.5662E+11      0.0686821    135.7013593   0
     929    208.4173527     34.8252886 0.05616506287   3   3.0358020  24.9247125 14.05400000    418.8922137     73.3361050   0.5227E+14 -22.20592000 -19.70230000   0.6490E+11      0.0294380    135.9726402   0
     930    208.4315136     40.2900214 0.00855085831   4   6.6390107  22.8920870 10.78100000    223.8512474     24.6740888   0.4225E+13 -21.09089000 -20.84392000   0.4050E+11      0.0148219     36.5850077   0
     941    209.1265006     38.3585001 0.06123462369   3   1.2161000  23.3381042 14.60100000    218.2317799     31.9898819   0.6133E+13 -21.89552000 -20.36726000   0.5523E+11      0.0225779     54.3302837   0
     947    209.5394969      7.1935021 0.02498539404   3   6.5082153  26.1248641 14.08100000    230.8137314     70.4541918   0.1245E+14 -20.40630000 -19.69937000   0.1862E+11      0.0404158    102.8617930   0
     953    209.8294997     -3.1945003 0.02576596860   3   3.4581675  24.3526477 13.33400000    163.9992302     38.5989192   0.4498E+13 -21.14412000 -19.51899000   0.2796E+11      0.0422074     76.3258374   0
     955    210.1389994     -2.8600001 0.02546961855   6   6.1147177  24.3743709 12.45500000    352.9374200     67.4699637   0.1839E+14 -22.05309000 -20.60190000   0.8669E+11      0.0172716     67.2156242   0
     958    210.4432965     38.6835399 0.01933681409   4   4.5336308  25.0093460 13.42700000    314.8131864     38.0300053   0.1098E+14 -20.49808000 -18.33537000   0.1514E+11      0.0142985     49.6344100   0
     963    210.9375010      5.7775003 0.05507133875   3   4.1725361  25.6429870 14.10800000    473.1247634     98.8594930   0.9244E+14 -22.13491000 -19.80343000   0.6158E+11      0.0362003    188.8551431   0
     968    211.1990005     24.1865003 0.06314929363   3   1.3441282  23.5601917 14.53100000    279.8399563     36.4463540   0.1094E+14 -22.04998000 -20.15700000   0.5971E+11      0.0170054     52.4732320   0
     969    211.3430028     30.7780002 0.02560226458   3   4.1625327  25.1899563 14.06300000    173.7610892     46.1673116   0.4571E+13 -20.42863000 -19.64402000   0.1876E+11      0.0351963     67.4358299   0
     971    211.4755068     65.7040006 0.03137221817   3   1.6964342  22.7477044 13.36600000    162.2637886     23.0255353   0.1570E+13 -21.63508000 -20.36448000   0.4636E+11      0.0170946     30.5859161   0
     972    211.5816002     54.9291817 0.00684547935   4  28.0411660  26.2171429 11.05800000    501.3899798     83.4409770   0.6705E+14 -20.48307000 -20.22457000   0.2251E+11      0.0208838    115.4587552   0
     976    211.9405002     -0.9350001 0.05464265019   3   4.1777129  25.3551064 13.83200000    476.8125768     98.2217527   0.5974E+14 -22.40123000 -20.02185000   0.8013E+11      0.0249806    131.3382972   0
     980    212.3605083     55.2705033 0.04256318504   3   2.3875924  24.4457485 14.30900000    178.3166233     43.8514901   0.5587E+13 -21.33544000 -19.72418000   0.3558E+11      0.0376561     74.0402206   0
     981    212.7029928     26.7800020 0.03566225570   3   4.8225465  25.5633997 13.81800000    674.2190576     74.3327626   0.9346E+14 -21.41515000 -19.75606000   0.3552E+11      0.0138014    102.6043521   0
     983    212.8065001     19.1875000 0.05835399620   3   1.0586210  22.7546805 14.45600000    465.5322064     26.5558447   0.2241E+14 -21.89328000 -20.49120000   0.6389E+11      0.0077365     39.7132574   0
     984    212.8382143      1.2905785 0.02578251408   3   2.5303612  23.4896836 13.30200000      4.3386040     28.2610836   0.2045E+10 -21.20892000 -20.12128000   0.3363E+11      1.0365551     49.5887483   0
     990    213.5725003     12.3650000 0.05951341489   3   3.2532250  24.9161753 14.05300000    217.3640591     83.2062856   0.1622E+14 -22.42142000 -20.74846000   0.8973E+11      0.0655714    157.1603958   0
     991    213.5950000      2.9810000 0.02691051859   3   0.7299048  21.3956071 14.19300000     35.5765526      8.5066537   0.4053E+11 -20.42349000 -19.90662000   0.2118E+11      0.0302513     11.8672011   0
     999    214.7164965     24.9330052 0.01830004911   3   4.4963600  25.3228392 13.84500000    623.2404609     35.7029014   0.3842E+14 -19.88847000 -18.42903000   0.9268E+10      0.0071362     49.0412779   0
    1003    214.8380009     35.1330009 0.02903053692   3   1.5896538  22.6757527 13.23100000     28.4178560     19.9764611   0.6839E+11 -21.54524000 -19.12466000   0.3582E+11      0.1234573     38.6855398   0
    1004    214.9255042     17.8560040 0.01956881060   3   5.0550578  24.5030068 13.17500000     89.1583117     42.9105916   0.8808E+12 -20.71377000 -20.60892000   0.3006E+11      0.0535457     52.6413346   0
    1009    215.2689964      3.3370007 0.00586184523   3  12.6385738  24.4981152 10.84800000     77.2271507     32.2036153   0.7490E+12 -20.37666000 -19.35968000   0.1632E+11      0.0566326     48.2255637   0
    1016    215.7835011     26.2795003 0.03907585538   3   1.9155266  23.1991357 13.37400000    426.7017009     32.3254297   0.2464E+14 -22.02261000 -19.71175000   0.5769E+11      0.0131538     61.8892598   0
    1018    215.9540007     28.3435029 0.02993118286   3   2.9723718  24.4380398 14.15200000    298.2790232     38.5033434   0.1447E+14 -20.68731000 -20.42142000   0.2732E+11      0.0225917     74.3040777   0
    1023    216.2680000      3.2350001 0.03642199286   3   1.5985776  23.8891908 14.54000000     99.1371008     25.1602780   0.7587E+12 -20.75916000 -19.25967000   0.1925E+11      0.0309926     33.8793618   0
    1038    217.9610016     21.9540006 0.04499009877   3   2.4727121  24.9498633 14.62000000    138.4014668     47.9767158   0.3789E+13 -21.19959000 -19.32959000   0.2762E+11      0.0593527     90.5778990   0
    1048    218.3245039     45.7555003 0.03673739695   3   3.1416688  24.7435773 13.96300000    246.6496359     49.8717511   0.8965E+13 -21.34088000 -19.72262000   0.3411E+11      0.0249144     67.7596942   0
    1058    219.0365016     23.5880012 0.03945907455   3   2.5181770  24.7513436 14.51500000     53.5817591     42.9083208   0.3229E+12 -20.96147000 -19.74531000   0.2536E+11      0.0948834     56.0593478   0
    1060    219.0465426     60.4712906 0.04967291633   4   3.0435677  24.4301533 14.13700000    210.5572034     65.1264870   0.1004E+14 -21.87527000 -21.42202000   0.8081E+11      0.0447074    103.7982161   0
    1067    219.6870003     55.9995027 0.04313939903   3   1.7457358  24.2393322 14.71900000     77.0102205     32.4925195   0.7225E+12 -20.95494000 -19.33539000   0.2350E+11      0.0531371     45.1218663   0
    1068    219.7339984     46.6780002 0.03669521266   3   1.5510471  23.0272459 13.95500000    108.2481692     24.5937354   0.1131E+13 -21.32246000 -20.16198000   0.3956E+11      0.0313787     37.4538785   0
    1069    219.8034186     20.0641021 0.03132509751   3   2.8570554  23.7011608 12.97400000    219.3164309     38.7207156   0.5898E+13 -21.93019000 -19.66203000   0.5125E+11      0.0231415     55.9632586   0
    1074    220.6774917     61.1840052 0.04878748258   3   2.3259683  25.0027915 14.71100000    383.5325913     48.8944185   0.3054E+14 -21.31364000 -18.57745000   0.2805E+11      0.0224263     94.8420806   0
    1079    221.1114998      4.7360001 0.08475859532   3   1.9062575  24.0484412 14.66800000    689.1872413     69.0105865   0.1386E+15 -22.61810000 -22.20869000   0.1454E+12      0.0175467    133.3438981   0
    1085    221.8280003      2.0845001 0.03450512638   3   3.5513134  25.1190536 14.33900000    610.0077188     52.9767024   0.5551E+14 -20.82365000 -20.03902000   0.2732E+11      0.0097148     65.3446411   0
    1087    222.0274987     18.4480003 0.03959910591   3   2.7890900  24.8703067 14.64000000    254.2421929     47.6916213   0.1259E+14 -20.83612000 -20.36232000   0.2732E+11      0.0318438     89.2716177   0
    1088    222.0990000     18.3545000 0.04043106192   3   0.4898507  20.7160937 14.38100000    212.1577343      8.5504254   0.1631E+13 -21.14919000 -20.96440000   0.4162E+11      0.0070773     16.5563700   0
    1091    222.3665001     27.7685000 0.03157332892   3   1.5009392  22.7658807 13.68500000    142.0892802     20.5017422   0.1414E+13 -21.26793000 -20.01860000   0.3500E+11      0.0207346     32.4861108   0
    1093    222.5093445     17.0922753 0.03867294421   3   5.4396839  26.2114127 14.33800000    131.0258400     90.8593505   0.6502E+13 -21.07335000 -19.63404000   0.2935E+11      0.1196727    172.8990626   0
    1104    223.1969393      7.9198188 0.03621473695   3   3.1987956  24.1880874 13.49500000    119.5285395     50.0622962   0.2776E+13 -21.77753000 -20.74980000   0.5711E+11      0.0647134     85.2916940   0
    1107    223.3513980     55.0292589 0.07499226061   3   1.4884076  23.6913190 14.37900000    188.7292729     47.7892338   0.6561E+13 -22.59548000 -20.09842000   0.9300E+11      0.0402000     83.6576411   0
    1109    223.4031324      0.0142647 0.04440587015   3   0.9972150  22.5442200 14.38400000    517.3785239     19.0998268   0.2141E+14 -21.32795000 -20.55758000   0.3840E+11      0.0064021     36.5232649   0
    1110    223.4065875      3.0076435 0.02888799485   5   8.6474274  25.8790575 13.13000000    315.3418128    108.1383314   0.3094E+14 -21.61645000 -20.21359000   0.5476E+11      0.0403067    140.1519827   0
    1111    223.4115011     18.0890012 0.06020312710   3   2.6797537  25.2393189 14.69800000    500.0241080     69.3216186   0.7067E+14 -21.77212000 -19.65089000   0.4582E+11      0.0211788    116.7702793   0
    1112    223.4344997     18.0770015 0.07182809795   3   2.8051683  25.2977328 14.64700000    227.5597785     86.3338492   0.1848E+14 -22.20499000 -19.92121000   0.6768E+11      0.0651094    163.3727755   0
    1122    224.5309999      1.5275000 0.04378789314   3   2.6488005  24.6487287 14.41800000    456.4211381     50.0342373   0.2759E+14 -21.29137000 -20.47834000   0.3880E+11      0.0134154     67.5167354   0
    1126    224.6769998      8.0005000 0.03848021008   3   1.9525947  23.3535970 13.50400000     80.4811037     32.4532352   0.8449E+12 -21.91235000 -19.62955000   0.5242E+11      0.0622092     55.2063552   0
    1127    224.8045007     13.4110004 0.04415147935   3   2.1464236  23.9003789 13.99500000    354.2470145     40.8777785   0.2046E+14 -21.80687000 -20.18200000   0.5345E+11      0.0170097     66.4423330   0
    1129    224.9835002     21.0155016 0.04532118296   3   2.6385702  25.2217818 14.71900000     85.9043587     51.5674591   0.1054E+13 -21.07146000 -18.88283000   0.2414E+11      0.0755974     71.6082214   0
    1132    225.4375000      0.0210000 0.04132216898   3   4.8033737  26.1440941 14.32700000     61.6081764     85.6736253   0.8456E+12 -21.27316000 -19.08884000   0.2852E+11      0.1682837    114.3197121   0
    1137    225.9069762     42.0865122 0.01721630266   3   5.8287662  25.8292675 13.79600000    110.2005409     43.5516098   0.2112E+13 -19.81354000 -18.37310000   0.9078E+10      0.0569060     69.1485231   0
    1142    226.4421781      1.8680338 0.00478454901   4  29.4564325  26.0596900 10.58700000    115.0446109     61.2546840   0.3161E+13 -20.21079000 -18.95729000   0.1453E+11      0.0850759    107.9229169   0
    1143    226.5446596      3.6646569 0.03620061289   3   1.3608405  22.9716238 13.81500000    189.1631333     21.2894041   0.3316E+13 -21.49153000 -18.67525000   0.3254E+11      0.0202775     42.2953055   0
    1147    226.6605033     40.6885038 0.02967065450   3   2.8311208  24.7083284 14.50000000    330.6016228     36.3565718   0.1049E+14 -20.32533000 -19.61059000   0.1869E+11      0.0131422     47.9085736   0
    1150    226.7140001     12.8485008 0.02268933576   3   2.4634877  22.9629334 12.87000000    151.8511391     24.2299338   0.1637E+13 -21.37322000 -20.35678000   0.3964E+11      0.0207474     34.7394585   0
    1153    226.9250000     14.6250000 0.04516438802   3   0.3782618  20.4245432 14.57500000    219.5333611      7.3673370   0.1487E+13 -21.21262000 -20.46377000   0.4114E+11      0.0058274     14.1064980   0
    1160    227.7729998     37.0285002 0.05591716224   3   0.7346478  21.8478112 14.22500000    250.9882399     17.6696753   0.2854E+13 -22.05137000 -20.34549000   0.6486E+11      0.0084436     23.3680389   0
    1161    227.8219992     11.3835004 0.04641450734   3   2.5638603  24.2989635 14.36100000    294.5912099     51.3027778   0.1872E+14 -21.48426000 -20.94019000   0.5554E+11      0.0303588     98.6153400   0
    1167    228.2810053     40.5295050 0.03144783495   3   3.3472927  24.0554632 13.41500000    444.0561168     45.5411857   0.3532E+14 -21.55969000 -20.91093000   0.5380E+11      0.0142307     69.6793212   0
    1174    228.9216390      8.3134999 0.03485871658   4   3.4137864  24.8973438 14.11100000    141.9906153     51.4427525   0.3721E+13 -21.09258000 -19.77856000   0.3181E+11      0.0478412     74.9035344   0
    1185    229.2570003      5.2770001 0.05165630494   3   2.7889459  24.2408344 13.68800000    225.8243369     62.0314947   0.8186E+13 -22.39921000 -20.93098000   0.8779E+11      0.0293092     72.9818332   0
    1199    230.1489996      1.8200001 0.05252680835   3   4.7585890  26.1474985 14.30500000    243.6126132    107.6012479   0.2684E+14 -21.82628000 -19.27895000   0.4572E+11      0.0769551    206.7177932   0
    1201    230.2899993     48.6615224 0.07430845908   3   5.7070893  25.8129235 13.66300000    432.9926766    181.6005934   0.1424E+15 -23.29718000 -21.36899000   0.1926E+12      0.0727389    347.2863693   0
    1207    230.7480001     -1.3640000 0.02880495646   3   2.3081029  23.4628483 13.88500000    332.7709248     28.7809974   0.9537E+13 -20.89678000 -20.46126000   0.3643E+11      0.0107133     39.3105535   0
    1210    231.3099282     48.4422443 0.03734245053   4   3.8483517  24.9033426 14.10300000    361.9559114     62.0871777   0.3052E+14 -21.37217000 -20.85317000   0.4858E+11      0.0264509    105.5692754   0
    1212    231.3778735      2.6723309 0.05153484136   3   3.4103788  25.6339462 14.72000000     68.5499428     75.6772177   0.1443E+13 -21.35453000 -19.98910000   0.3594E+11      0.1854698    140.1912650   0
    1222    232.9090001      7.3445001 0.03399622288   3   1.2581490  22.5636276 13.71600000    403.2732394     18.4938121   0.1300E+14 -21.40636000 -19.72919000   0.3461E+11      0.0082077     36.4973897   0
    1224    233.2555007     44.5375033 0.03749135552   3   2.3590892  23.6196220 13.98800000    307.1731614     38.2106786   0.1378E+14 -21.35469000 -20.96420000   0.5726E+11      0.0162600     55.0737810   0
    1228    233.8894997     13.8025001 0.05278854888   3   1.3432409  23.1553108 14.55600000    231.8983824     30.5228071   0.4579E+13 -21.61030000 -21.16409000   0.5915E+11      0.0145244     37.1396058   0
    1237    234.9940045     46.0945006 0.03810689140   3   2.6549573  24.9084422 14.44400000    740.1658380     43.7026228   0.7941E+14 -20.86512000 -19.02521000   0.2160E+11      0.0083391     68.0598568   0
    1242    235.4708964     48.5420075 0.03842270354   3   2.4056285  23.8102959 13.79800000    396.1145429     39.9236957   0.2332E+14 -21.60299000 -20.79919000   0.5238E+11      0.0155732     68.0205221   0
    1247    235.8823707     44.1373577 0.03720696622   3   3.1998741  25.3841867 14.57300000    302.1837668     51.4393209   0.1972E+14 -20.74923000 -19.24200000   0.2011E+11      0.0295895     98.5936732   0
    1250    235.9764998     34.4765000 0.06758755307   3   0.7048128  22.2327705 14.75800000    715.8696558     20.4322894   0.3966E+14 -22.03665000 -20.34475000   0.6629E+11      0.0036527     28.8328810   0
    1252    236.0794160     25.3186587 0.03234428163   3   2.1195250  23.0349656 12.99700000     97.8355196     29.6528191   0.1069E+13 -22.02127000 -20.08424000   0.5745E+11      0.0468263     50.5158331   0
    1256    236.4199916     30.1745034 0.03193867867   3   4.5360507  25.6007444 14.25500000     44.4706907     62.6708429   0.5337E+12 -20.76181000 -20.07701000   0.2439E+11      0.2512523    123.2039440   0
    1258    236.5989997     30.2570000 0.03180783930   3   1.2396351  23.0136196 14.14500000    578.5528400     17.0573623   0.1464E+14 -20.84544000 -18.57246000   0.1942E+11      0.0034346     21.9108357   0
    1264    238.2089990     34.6375001 0.07312303791   3   2.6100512  24.8346966 14.72400000    131.0258400     81.7510671   0.4248E+13 -22.18241000 -21.37935000   0.9487E+11      0.0781731    112.9418989   0
    1266    238.3729971     11.9255025 0.03553507021   3   5.0948320  25.2706739 13.27100000    134.2797930     78.2519294   0.4768E+13 -21.98583000 -19.39655000   0.5257E+11      0.0826661    122.3992453   0
    1268    238.5475020     19.0545001 0.03644371886   3   6.2238217  26.3014945 14.01800000    106.9465880     98.0157253   0.3808E+13 -21.30160000 -19.75761000   0.3213E+11      0.1281112    151.0757508   0
    1269    238.6679997     39.7640000 0.03297743836   4   2.1619687  23.8077900 14.30700000    227.3281512     30.8341957   0.4452E+13 -20.77797000 -20.49939000   0.3056E+11      0.0158483     39.7261502   0
    1274    239.1531863     41.9148861 0.03548964632   6   4.5805646  25.1958301 14.00500000    330.8570031     70.2640736   0.1600E+14 -21.19193000 -20.58501000   0.4456E+11      0.0203720     74.3214933   0
    1277    239.6610000     27.6029677 0.03145545101   3   2.4796310  23.9274299 13.72200000    220.6180121     33.7444289   0.6107E+13 -21.24101000 -20.14675000   0.3253E+11      0.0236384     57.5041533   0
    1281    239.9114999     31.7710000 0.05559140663   3   0.5038033  21.2608646 14.71500000    450.9978831     12.0477724   0.9354E+13 -21.54654000 -20.73641000   0.5194E+11      0.0034556     17.1848164   0
    1285    240.2145046     45.4295022 0.04253426179   3   2.3440893  24.3851547 14.12300000    390.6912879     43.0235361   0.2485E+14 -21.52992000 -19.20036000   0.3610E+11      0.0140196     60.3964619   0
    1296    240.7344989     33.1450004 0.05473437492   3   1.5333263  23.1226903 14.16600000    488.0929471     36.1095778   0.2652E+14 -22.06904000 -21.56798000   0.8314E+11      0.0093750     50.4564706   0
    1300    240.9550005     26.5705000 0.04901569695   3   3.4267296  25.2227467 14.10900000    226.9089879     72.3666205   0.9580E+13 -21.85856000 -19.40087000   0.4796E+11      0.0361892     90.5463605   0
    1302    241.1676223     21.9896204 0.04039530977   3   4.8268522  25.9435846 14.20700000    278.5383752     84.1797234   0.2780E+14 -21.30003000 -19.83506000   0.3226E+11      0.0532361    163.5053854   0
    1305    241.3565414     17.9414447 0.04000580501   4   3.8075446  24.4152596 13.47700000    278.2034347     65.7688842   0.1517E+14 -22.02793000 -20.94858000   0.8262E+11      0.0298744     91.6435864   0
    1310    241.5184999     33.4195000 0.06008883841   4   2.3405358  24.8887002 14.64200000    253.4560606     60.4332512   0.9358E+13 -21.78869000 -19.20106000   0.4670E+11      0.0230391     64.3885765   0
    1311    241.5670000     18.1779403 0.03972238754   3   0.8328311  22.1578774 14.24700000    244.6972642     14.2847849   0.3485E+13 -21.24516000 -19.81721000   0.3063E+11      0.0098452     26.5639502   0
    1313    241.8074979     18.6525002 0.03857899341   4   5.1907589  25.4735261 13.83200000    143.6779363     86.4928361   0.4000E+13 -21.63329000 -20.30853000   0.5385E+11      0.0577905     91.5560544   0
    1314    241.8190023     33.2965003 0.06111473309   3   2.8469074  25.0418290 14.41100000    658.6000833     74.7443221   0.1285E+15 -22.17705000 -20.18970000   0.6722E+11      0.0160178    116.3226248   0
    1316    242.4763469     25.6748289 0.04130616184   3   1.8399082  23.4198341 13.88900000    112.3698429     32.8042619   0.1491E+13 -21.72669000 -20.67821000   0.5215E+11      0.0441690     54.7278160   0
    1340    245.0689993     37.5615009 0.06782784305   3   1.4873892  23.9121913 14.70300000    157.7082545     43.2697118   0.4534E+13 -22.02958000 -20.23287000   0.6106E+11      0.0479095     83.3137444   0
    1344    245.5960696     10.4881557 0.03336625347   3   3.4725159  25.0492834 14.03600000    169.8563456     50.1047394   0.4939E+13 -21.05580000 -19.43152000   0.2590E+11      0.0417334     78.1638666   0
    1346    245.7209993     23.8880010 0.06412167399   3   2.0641011  24.4444533 14.56600000    527.3573131     56.8170103   0.6896E+14 -21.98347000 -20.35417000   0.6174E+11      0.0194608    113.1634153   0
    1356    246.4785000     43.9630008 0.03182193662   3   1.1660569  22.4462813 14.44100000     85.0366379     16.0519859   0.4674E+12 -20.57483000 -20.42860000   0.2930E+11      0.0299056     28.0413777   0
    1365    247.0929957     32.8295021 0.03710403960   3   3.0494359  23.7106870 13.26600000    896.5725113     48.8865364   0.1510E+15 -22.08211000 -21.38932000   0.8294E+11      0.0074608     73.7585094   0
    1366    247.2054976     25.5085022 0.04020137687   3   3.0873083  24.7062666 14.14300000     51.4124571     53.5862558   0.5650E+12 -21.37422000 -20.17429000   0.4117E+11      0.1537400     87.1557536   0
    1376    248.7152032     26.2743720 0.04415999059   3   1.2715979  22.8279224 14.09600000    227.3428483     24.2216932   0.5195E+13 -21.64788000 -20.26599000   0.4849E+11      0.0176226     44.1765314   0
    1381    251.1374981     38.8960001 0.03831611442   3   3.0436584  24.7260876 14.15200000    412.8181682     50.3735355   0.3757E+14 -21.30877000 -20.13078000   0.3634E+11      0.0221045    100.6189220   0
    1389    253.5969988     37.6285055 0.06267361206   3   3.4345070  25.0890219 14.38400000    490.9130397     92.4366461   0.8921E+14 -22.15783000 -21.20952000   0.9399E+11      0.0286581    155.1287061   0
    1394    254.1780001     18.5550001 0.05316102777   3   0.6173704  21.1451924 14.07700000    473.1247634     14.1263863   0.1297E+14 -22.09105000 -21.45289000   0.8300E+11      0.0050767     26.4847150   0
    1397    255.0405019     37.8265005 0.06325558429   3   1.9012887  24.0730034 14.47000000    224.7396859     51.6393490   0.7777E+13 -22.11318000 -21.10917000   0.7507E+11      0.0292369     72.4522665   0
    1398    255.1449999     24.4385006 0.04796211595   3   1.5306583  23.7847887 14.58300000    167.9039738     31.6380156   0.2595E+13 -21.33274000 -19.84830000   0.3453E+11      0.0236581     43.8007769   0
    1399    255.2460001     39.5665006 0.03422373426   3   1.1116959  22.1473663 13.48300000    213.0254551     16.4495475   0.2472E+13 -21.66601000 -19.27077000   0.4034E+11      0.0094572     22.2144300   0
    1401    255.9969990     24.7880009 0.04726708660   3   1.9899755  24.3935876 14.43900000    322.3582753     40.5425622   0.1231E+14 -21.47138000 -18.87120000   0.3252E+11      0.0161683     57.4703953   0
    1403    256.0520047     38.8690025 0.03486789325   4   2.8018550  24.4775810 14.60100000    191.5364944     42.2325099   0.4066E+13 -20.59538000 -20.44355000   0.3129E+11      0.0260234     54.9612873   0
    1409    256.7844984     34.2525002 0.03091411270   3   2.2278690  23.3844348 13.73100000    229.2952200     29.8002419   0.5136E+13 -21.19274000 -21.01517000   0.4211E+11      0.0183209     46.3215189   0
    1412    259.0557017     33.2486590 0.03955645187   3   2.9217667  25.1067629 14.56000000    283.9616301     49.9069894   0.1683E+14 -20.92151000 -19.71822000   0.2509E+11      0.0304310     95.2833424   0
