      17    118.0267984     23.4781771 0.04589384077   3   0.6274328  20.8945437 13.59600000     64.6451992     12.4156145   0.1847E+12 -22.22729000 -20.82488000   0.7572E+11      0.0288568     20.5695547   0
      62    125.6669993     32.1055003 0.08866098311   3   1.2129612  23.3851936 14.70000000    429.3048633     45.8893081   0.3319E+14 -22.70331000 -21.23740000   0.1202E+12      0.0147541     69.8425052   0
      70    127.1219992     30.4240002 0.05131949492   3   1.4578301  22.2309246 13.07000000   1206.7826955     32.2161137   0.1999E+15 -22.99542000 -21.03827000   0.1490E+12      0.0047113     62.6911657   0
      94    130.0510299     28.8315381 0.07995434019   3   2.2733760  24.8383048 14.61000000    506.5320140     77.7278637   0.6731E+14 -22.58465000 -20.11618000   0.9157E+11      0.0214502    119.8062120   0
      98    130.7408355     36.0381701 0.05528821631   4   1.9645655  23.9474677 14.75300000    212.1933935     46.7271191   0.8169E+13 -21.54291000 -21.15139000   0.6682E+11      0.0308825     72.2579079   0
     100    130.8567920     36.2184070 0.05386200362   4   3.9277963  25.0675165 14.29600000    303.7177728     91.0437892   0.2319E+14 -21.88302000 -21.78436000   0.8983E+11      0.0373249    124.9998407   0
     105    131.8219938     35.4575056 0.05439046137   4   3.9628376  25.1595899 13.90400000    115.4536584     92.7455075   0.3108E+13 -22.30480000 -20.36392000   0.8470E+11      0.0845175    107.5957996   0
     125    134.1134996     14.5210004 0.07126225192   3   1.7790473  24.1009520 14.42500000    552.5212161     54.3293572   0.4525E+14 -22.42592000 -20.26697000   0.8132E+11      0.0121464     74.0010671   0
     134    134.6499997     54.3110000 0.08619407100   3   1.4417007  23.4592599 14.26300000    417.5906325     53.0577674   0.3469E+14 -23.05483000 -20.97643000   0.1481E+12      0.0159960     73.6550492   0
     139    135.3660000     55.0410022 0.04652209995   3   1.5814527  23.1147288 13.77700000    185.9091803     31.7173709   0.2524E+13 -22.11407000 -20.26868000   0.6565E+11      0.0161879     33.1842139   0
     171    139.3072981     19.8860492 0.02958272971   3   2.7903283  25.2279883 14.73700000    420.1937949     35.7272618   0.2664E+14 -20.09702000 -18.78989000   0.1109E+11      0.0148602     68.8517493   0
     190    140.8709314     22.3165402 0.03133767624   4   1.4365995  22.7231931 14.16400000    364.6147202     19.4775123   0.9191E+13 -20.86667000 -20.15718000   0.3350E+11      0.0073212     29.4344521   0
     208    144.4335072     17.0830053 0.02870404603   5   6.3686688  26.0741188 14.30200000    448.0016222     79.1380322   0.4575E+14 -20.45397000 -19.68277000   0.2486E+11      0.0202501    100.0339658   0
     220    145.8919982     39.4110003 0.04146935520   3   1.8758086  23.0710893 13.36900000    260.0993083     33.5751663   0.6046E+13 -22.20485000 -20.66477000   0.7284E+11      0.0147216     42.2216614   0
     230    146.9634806     54.2680082 0.04721728553   3   3.7935255  25.6643458 14.73100000    207.3852700     77.2064888   0.1423E+14 -21.15897000 -20.54817000   0.3665E+11      0.0660555    151.0523334   0
     269    151.0895517      0.5058921 0.04753910949   4   3.5550707  25.1213387 14.35500000    279.4305772     72.8409743   0.2007E+14 -21.55249000 -20.19639000   0.5311E+11      0.0371952    114.6046072   0
     282    152.3160020     54.2225024 0.04714545229   3   1.7353530  23.5616937 14.35800000    436.8974202     35.2650718   0.2124E+14 -21.57817000 -21.11303000   0.5377E+11      0.0110527     53.2463865   0
     283    152.5689993     54.5020001 0.04525033745   3   0.7312972  21.8575632 14.18200000    822.5993135     14.2701601   0.2492E+14 -21.62080000 -19.70486000   0.4135E+11      0.0017963     16.2935606   0
     285    153.0090000      3.3460000 0.04794164429   3   1.2349792  22.5807601 14.41400000    516.9446635     25.5156906   0.2898E+14 -21.44002000 -21.41838000   0.6720E+11      0.0086895     49.5310826   0
     289    153.6575000     -0.8325000 0.04927229564   3   1.5106042  22.8918622 13.58500000    533.4313586     32.0663989   0.3529E+14 -22.45318000 -20.17963000   0.8370E+11      0.0079882     46.9858332   0
     295    154.5613398     48.8969539 0.06223474805   5   4.2155862  25.7690513 14.56500000    273.9338921    112.6761809   0.2255E+14 -21.96442000 -20.54091000   0.7368E+11      0.0459739    138.8667311   0
     300    155.1859980     38.5175021 0.05416095110   3   2.2079481  24.0610290 13.91200000    621.7219495     51.4591657   0.5132E+14 -22.29094000 -19.82568000   0.7179E+11      0.0085197     58.4062540   0
     306    155.3399990     38.3070058 0.05550429006   3   3.4923272  25.4729920 14.68000000    432.9926766     83.3851469   0.6001E+14 -21.58256000 -21.04978000   0.5235E+11      0.0254654    121.5825911   0
     307    155.3945063     23.9525024 0.04048238818   3   4.6504536  24.4854317 12.85800000    678.5576616     81.2765151   0.1542E+15 -22.65699000 -21.14496000   0.1162E+12      0.0190459    142.5047519   0
     309    155.5419995     38.5215001 0.05584639053   4   1.0869361  22.3452186 14.28100000    622.7236962     26.1102298   0.2090E+14 -22.05330000 -21.54787000   0.9067E+11      0.0039407     27.0585525   0
     332    156.6319980     10.9355019 0.03345604704   4   4.5229787  25.4918753 14.33300000    447.0889235     65.4360885   0.3639E+14 -20.74069000 -20.48806000   0.2974E+11      0.0167005     82.3313695   0
     333    156.7098251     35.9344184 0.05453218326   3   4.2954401  26.0105520 14.60700000    250.3374493    100.7881597   0.2628E+14 -21.56383000 -20.50258000   0.4469E+11      0.0675735    186.5274961   0
     337    157.2559999      3.1300000 0.07377834888   4   1.6664622  23.9346344 14.71900000    330.0502060     52.6556927   0.1830E+14 -22.22409000 -21.31196000   0.9209E+11      0.0202805     73.8071488   0
     339    157.4179945     22.3840071 0.04204011075   3   5.6615061  25.6802284 13.46100000    454.9026267    102.7163769   0.5234E+14 -22.16146000 -19.57515000   0.6215E+11      0.0230151    115.4441100   0
     342    157.7059998     22.3570005 0.04447492109   3   1.4625634  23.7531404 14.51400000    152.5019297     28.0558216   0.1768E+13 -21.27466000 -19.16566000   0.2832E+11      0.0187093     31.4610962   0
     365    159.7770004      4.6575003 0.06999155349   3   3.0140546  24.8317107 14.00000000    567.7063300     90.4313597   0.7673E+14 -22.79610000 -20.40917000   0.1139E+12      0.0161656    101.1945902   0
     372    160.5725550     19.1334338 0.04866649602   3   2.2462799  24.6855451 14.56000000    217.1471289     47.1035474   0.8398E+13 -21.42257000 -19.59663000   0.3390E+11      0.0340006     81.4106788   0
     393    162.5225001      0.3300000 0.04073906658   4   4.1207874  24.7062746 13.45500000    504.6112290     72.4717489   0.4002E+14 -22.06209000 -20.63667000   0.7356E+11      0.0126563     70.4213476   0
     403    163.3460003     56.3015000 0.07628678035   4   1.5014768  23.2582254 14.21100000    546.0784198     49.0254799   0.5146E+14 -22.82182000 -21.77205000   0.1492E+12      0.0107298     64.6079421   0
     418    164.5270012     17.1200002 0.03162293995   3   3.0593667  23.8061802 13.50500000     89.5921721     41.8539196   0.8647E+12 -21.45897000 -21.27803000   0.5549E+11      0.0552909     54.6216298   0
     420    164.5545000      1.6105000 0.04001319529   4   1.2145691  21.8060926 13.49000000    151.2964461     20.9834620   0.1181E+13 -22.00191000 -21.15154000   0.9083E+11      0.0150247     25.0654401   0
     450    167.0867841     13.2078951 0.03506679350   3   2.3069593  24.0001950 14.01200000    180.0520649     34.9696554   0.4215E+13 -21.20467000 -20.24332000   0.3288E+11      0.0293722     58.3142860   0
     457    167.4314997     21.7470000 0.03280065517   3   1.4919063  22.0341661 12.86200000    296.7605118     21.1645045   0.7752E+13 -22.19734000 -20.56820000   0.7379E+11      0.0123064     40.2698003   0
     458    167.4703655     21.9608939 0.03386843190   4   4.9899653  25.4949761 14.31000000    374.6363841     73.0750552   0.2780E+14 -20.72738000 -20.51550000   0.3606E+11      0.0229391     94.7605651   0
     460    167.7046839     28.2709996 0.03670769939   3   1.4073240  23.1134794 13.96200000    612.8278114     22.3223583   0.3488E+14 -21.35751000 -19.21617000   0.3094E+11      0.0062718     42.3810943   0
     463    167.7634994     57.1370017 0.04720147318   3   1.3402579  23.4401026 14.34800000     56.8357121     27.2681271   0.2688E+12 -21.53479000 -19.03897000   0.3493E+11      0.0612843     38.4070911   0
     466    167.8466546     26.9757377 0.03587003510   3   1.6674993  22.6019457 13.23100000    509.7859670     25.8506491   0.2927E+14 -21.95534000 -20.87699000   0.6366E+11      0.0091442     51.4014233   0
     469    167.9765030     39.8925016 0.07601792683   3   2.1933827  24.6613489 14.59600000    133.6290024     71.3695797   0.5289E+13 -22.41456000 -20.37495000   0.8551E+11      0.0919823    135.5332211   0
     472    168.0230931     27.5792779 0.03583602922   4   1.6096023  22.3809715 13.13800000    500.0094445     24.9296320   0.2092E+14 -22.12221000 -20.46028000   0.7515E+11      0.0068927     38.0019550   0
     484    168.8090895     29.5301508 0.04772054869   3   1.7844348  23.3030963 14.12600000    695.0443567     36.6997984   0.5704E+14 -21.92395000 -21.54789000   0.7748E+11      0.0070308     53.8834861   0
     498    170.0657570     34.1228750 0.03617535939   3   3.8007678  25.1299648 14.03500000     77.4440809     59.4192464   0.1487E+13 -21.22579000 -20.09542000   0.3363E+11      0.1319090    112.6427539   0
     503    170.6135001     24.2970000 0.02512400000   3   0.4518126  19.7232908 13.16000000    234.7184750      4.9180427   0.1094E+13 -21.38655000 -19.92055000   0.3473E+11      0.0031079      8.0436992   0
     530    172.8069991     56.4625000 0.06043663652   3   1.3942592  23.5173920 14.41400000    409.3472850     36.2054535   0.2430E+14 -22.08473000 -20.04778000   0.6152E+11      0.0128152     57.8437436   0
     550    173.9940036     55.0705020 0.05515155613   3   1.7009624  23.2823126 13.95700000    549.2672631     40.3586655   0.4959E+14 -22.39121000 -21.34916000   0.9676E+11      0.0112785     68.3083674   0
     555    174.4719997     21.9800001 0.03093537741   3   1.0607328  21.1872377 13.07400000    262.0516800     14.1981783   0.2494E+13 -21.83685000 -21.23410000   0.7191E+11      0.0064386     18.6045410   0
     560    174.7994974     55.6715007 0.06191127067   3   1.2824291  22.3923236 13.98300000    308.6916728     34.1018738   0.9031E+13 -22.58122000 -22.35469000   0.1535E+12      0.0139406     47.4512079   0
     568    175.7599998     26.2675000 0.03223134125   3   1.1601372  22.6214934 14.32100000    168.5547644     16.1744338   0.1825E+13 -20.68552000 -19.91228000   0.2484E+11      0.0140353     26.0858179   0
     573    176.0016446     19.9609998 0.02189969583   3   1.5590630  21.2086891 11.91700000     80.9149641     14.8032482   0.3531E+12 -22.22591000 -20.51701000   0.7454E+11      0.0279704     24.9556286   0
     574    176.0285037     33.5125004 0.03251276617   4   3.8077872  23.9364943 12.80500000    126.9069886     53.5475563   0.2745E+13 -22.23480000 -20.44085000   0.8162E+11      0.0530686     74.2615762   0
     576    176.1290100     33.3360135 0.03262698469   4   6.0870431  25.3426132 13.38800000    275.5446259     85.8983981   0.1582E+14 -21.60610000 -20.54225000   0.5633E+11      0.0326154     99.0957959   0
     582    176.5835023     33.1830004 0.03421866244   3   2.6945686  23.6079318 13.37300000    551.6534953     39.8651471   0.4236E+14 -21.78351000 -21.15255000   0.6118E+11      0.0104183     63.3730396   0
     585    176.9880035     55.7700009 0.05214657755   3   1.4804107  23.2359450 13.95300000    747.3245346     33.2357792   0.4741E+14 -22.16963000 -19.83500000   0.6305E+11      0.0052993     43.6687743   0
     586    177.0280573     55.6075659 0.05039641610   3   2.5754616  24.8841329 14.67000000    370.0829190     55.9029288   0.3221E+14 -21.36990000 -20.29492000   0.3949E+11      0.0263081    107.3568095   0
     590    177.6024948     54.6505005 0.05976967592   3   2.3592093  24.5305142 14.34200000    190.0308541     60.5965231   0.9206E+13 -22.09958000 -20.44314000   0.6651E+11      0.0556106    116.5258593   0
     613    179.8864887     55.5295264 0.08086209972   4   5.5070755  26.0585219 14.04300000    261.3813560    190.3849213   0.2787E+14 -23.12709000 -21.31984000   0.1713E+12      0.0738922    212.9678455   0
     620    180.4044980     45.6295028 0.06926840143   3   2.2069281  23.9713667 14.25100000    199.5757828     65.5423616   0.1067E+14 -22.53122000 -21.65204000   0.1320E+12      0.0548849    120.7817040   0
     625    180.7821884     51.6801033 0.06395931019   3   0.6336798  21.4520345 14.19900000    573.7803756     17.3993540   0.2351E+14 -22.39403000 -20.68001000   0.9218E+11      0.0051520     32.5959140   0
     626    181.0152384     20.2379694 0.02361742321   3   1.2629840  20.8259644 12.40700000    735.6103038     12.9277012   0.2874E+14 -21.92164000 -21.75757000   0.8190E+11      0.0028416     23.0487520   0
     637    181.5125052     28.2825006 0.03046443261   3   5.5009512  25.4406260 13.78800000    577.2512588     72.5185777   0.9515E+14 -20.94384000 -20.76544000   0.3473E+11      0.0176475    112.3283673   0
     638    181.6454972     28.1560010 0.02886317435   3   2.7772404  22.9742508 12.38400000    921.9533445     34.7004565   0.1113E+15 -22.39734000 -20.77982000   0.8418E+11      0.0047985     48.7814533   0
     639    181.6965000     27.9085002 0.02715941081   3   0.7975866  22.6090576 14.67200000     61.3912462      9.3808913   0.8225E+11 -19.94544000 -17.51204000   0.8310E+10      0.0142393      9.6390974   0
     644    182.2589941     24.9570145 0.02291240003   3   7.3007884  25.6516996 13.58200000    231.0306616     72.5102091   0.8486E+13 -20.65869000 -20.45901000   0.2949E+11      0.0284927     72.5845630   0
     650    182.5811973      5.3850440 0.07621984361   3   1.3426600  23.1101789 14.05100000    368.9982680     43.8021238   0.2241E+14 -22.98588000 -20.73826000   0.1366E+12      0.0185282     75.3872014   0
     661    183.3292689     56.5907558 0.05211566704   3   1.2171097  23.0536941 14.54800000    341.8819932     27.3085753   0.1379E+14 -21.55083000 -20.73087000   0.5116E+11      0.0142882     53.8636507   0
     673    184.4180000      3.6600000 0.07839890808   4   0.8036713  22.1450334 14.42100000    205.4441096     26.9536459   0.3827E+13 -22.64007000 -21.32225000   0.1236E+12      0.0153504     34.7739259   0
     679    184.7240000      5.2475000 0.07645569400   3   0.7392319  21.9064125 14.14300000    350.1253407     24.1894774   0.1171E+14 -22.87265000 -20.59249000   0.1239E+12      0.0098645     38.0835353   0
     684    185.1070063     25.5570011 0.02390940273   3   5.4035976  25.2965272 13.30000000    112.5867731     55.9905350   0.1832E+13 -21.03454000 -19.21249000   0.2481E+11      0.0546379     67.8299870   0
     687    185.2395223     28.1185667 0.02847949890   3   7.7921473  26.2862419 13.56000000    290.9033965     96.0738718   0.3315E+14 -21.23104000 -19.81868000   0.3078E+11      0.0557448    178.8107719   0
     721    189.4699998     15.2210001 0.07224467624   4   1.0841420  22.7507125 14.30900000    513.7636669     33.5563997   0.2719E+14 -22.59652000 -20.71662000   0.1097E+12      0.0080257     45.4662967   0
     741    191.7015000      0.3065000 0.09018885557   3   1.7899568  24.1082091 14.39900000    992.4556591     68.8594407   0.2049E+15 -23.01627000 -20.50753000   0.1378E+12      0.0090213     98.7238805   0
     757    194.0805024     27.7360031 0.02386461049   3   3.3141682  23.6766783 12.73900000     77.8779413     34.2764673   0.5912E+12 -21.61154000 -19.96929000   0.4167E+11      0.0524458     45.0366481   0
     760    194.3735010     27.4890027 0.02524985323   4   2.9665192  23.0151664 12.44300000    519.2858082     32.4518070   0.3584E+14 -22.03418000 -20.57711000   0.7041E+11      0.0106188     60.8024517   0
     761    194.4289950     28.4885077 0.02349141446   3   5.0440471  24.1077418 12.45500000    756.0017425     51.3560343   0.1220E+15 -21.84280000 -20.87985000   0.5993E+11      0.0117127     97.6384366   0
     762    194.4489993     28.1605001 0.02380726083   3   2.3779577  24.6826443 14.57400000    591.3517217     24.5350114   0.3320E+14 -19.86722000 -18.45585000   0.8760E+10      0.0055388     36.1161220   0
     765    194.7145569     27.7994966 0.02027015032   4   1.7588178  23.0704004 13.91900000    530.4323527     15.4627406   0.1341E+14 -20.09162000 -19.41938000   0.1461E+11      0.0039541     23.1271944   0
     768    194.7923642     27.7744559 0.02294888301   4   1.4492403  22.4684307 13.91200000    480.5285571     14.4164102   0.1131E+14 -20.46870000 -19.90969000   0.2335E+11      0.0040501     21.4597947   0
     771    194.8871091     27.9568188 0.02482689449   3   1.2872731  20.8754805 11.97000000    278.5383752     13.8473638   0.3732E+13 -22.45371000 -20.36251000   0.8797E+11      0.0073455     22.5603474   0
     775    195.0465042     27.9715027 0.02231018994   3   3.5234492  22.6374651 11.50200000    342.5327838     34.0790512   0.1311E+14 -22.68952000 -20.57718000   0.1076E+12      0.0121876     46.0322856   0
     776    195.2359944     28.3485099 0.02608862815   3   5.6624080  25.4092593 13.61600000    736.9118850     63.9887353   0.9641E+14 -20.94244000 -20.22811000   0.2990E+11      0.0109149     88.6901218   0
     778    195.4924919     27.6260059 0.02593744338   4   5.0508026  24.4629398 12.74000000    812.5217387     56.7483701   0.8406E+14 -21.88130000 -20.08172000   0.5760E+11      0.0074854     67.0641127   0
     781    195.7280001     -2.5065000 0.08472706290   3   1.9868159  24.1312906 14.25800000    561.6322845     71.9007778   0.9333E+14 -23.11941000 -20.97855000   0.1567E+12      0.0218823    135.5143527   0
     785    196.0372417      7.8748301 0.04552313328   3   4.4238624  25.0120517 13.49900000    383.7495215     86.8398101   0.5292E+14 -22.38782000 -21.02333000   0.8788E+11      0.0365487    154.6539680   0
     787    196.1310002      7.9235003 0.04970237581   3   1.9010604  24.4639403 14.59200000    372.2522210     40.7028688   0.2420E+14 -21.40382000 -18.68364000   0.3045E+11      0.0194238     79.7280566   0
     801    197.6987372     34.6393839 0.03771682770   4   5.6164525  25.8351967 14.09600000    201.2002418     91.5131429   0.1211E+14 -21.26235000 -20.32005000   0.4166E+11      0.0588251    130.5064135   0
     820    199.3927025     41.2776256 0.06722269097   5   2.5360767  24.6616874 14.59000000    429.2284472     73.1296394   0.3705E+14 -22.12977000 -20.95322000   0.8788E+11      0.0200421     94.8575798   0
     826    200.0362274     33.0898615 0.04021737806   3   0.2245521  18.9354472 14.01700000     87.2059399      3.8990755   0.1203E+12 -21.50801000 -20.18375000   0.4463E+11      0.0075102      7.2217174   0
     828    200.1880000     33.0969096 0.03668913182   3   1.6506461  23.3878656 14.45300000    501.7595496     26.1686987   0.2763E+14 -20.77059000 -20.71012000   0.3209E+11      0.0090562     50.1051275   0
     842    202.1020061     11.4155063 0.02386168500   3   7.9485718  25.8586144 13.01000000    313.2472069     82.1973489   0.2225E+14 -21.33342000 -19.28136000   0.3192E+11      0.0329554    113.8292630   0
     843    202.1775000     11.6000000 0.02536859857   3   3.0005757  24.8784637 14.03000000     72.6716166     32.9778559   0.4808E+12 -20.45620000 -17.94975000   0.1288E+11      0.0553385     44.3437676   0
     844    202.3343523     37.6068569 0.05710758705   3   1.9534583  23.6279906 13.68900000    219.7502913     47.9708452   0.9660E+13 -22.62486000 -19.80940000   0.9300E+11      0.0377158     91.3890097   0
     845    202.3445002     11.7335001 0.02454180959   3   1.2671914  21.7913139 12.85300000    408.2626340     13.4756722   0.7287E+13 -21.48423000 -19.33770000   0.3484E+11      0.0040641     18.2954919   0
     847    202.7930000     -1.7365000 0.08469315235   3   1.1954418  22.7133028 14.50400000     80.9149641     43.2448259   0.1131E+13 -22.78477000 -22.62065000   0.1947E+12      0.0810560     72.3193751   0
     854    203.2559575     32.5952617 0.03606955250   3   1.9920010  23.1723418 13.74900000    265.0887028     31.0516007   0.7873E+13 -21.54625000 -21.12302000   0.5582E+11      0.0177868     51.9911429   0
     855    203.3039981     32.5215021 0.03586124728   3   2.4951708  24.4458785 14.20200000    582.2406534     38.6723489   0.4923E+14 -21.10342000 -19.67909000   0.2717E+11      0.0084064     53.9704182   0
     865    203.9440002     47.4260000 0.06264343571   3   0.9634267  22.2917731 14.37600000    589.3993499     25.9174614   0.3678E+14 -22.15647000 -21.36617000   0.9649E+11      0.0073521     47.7819210   0
     866    204.0429998     59.2070002 0.07232058298   3   0.5058985  20.8498243 13.91600000    410.2150058     15.6747503   0.7102E+13 -22.94577000 -20.84154000   0.1340E+12      0.0047254     21.3742601   0
     869    204.1894976     24.9975018 0.07541324314   4   2.9634975  24.8315452 14.23300000    398.0032228     95.6751277   0.3699E+14 -22.75129000 -21.26241000   0.1320E+12      0.0270432    118.6823583   0
     877    204.8689390     30.9929326 0.06177481746   3   1.6559487  23.1644677 13.61700000     83.0842661     43.9387789   0.1306E+13 -22.89622000 -20.36078000   0.1227E+12      0.0942332     86.3303275   0
     901    206.2804985     23.0615012 0.02971199078   3   2.4945948  23.9784932 13.71600000    581.1560024     32.0793093   0.4323E+14 -21.04048000 -19.81667000   0.2673E+11      0.0080670     51.6947421   0
     908    206.6432747     23.1075672 0.03094374018   3   2.1988325  24.0311437 14.09200000    605.4521846     29.4398316   0.4391E+14 -20.81869000 -19.37693000   0.2190E+11      0.0081887     54.6683464   0
     915    207.3370695     28.1352084 0.07627685967   3   3.5772245  24.7669364 13.51900000    703.2877042    116.7868702   0.2099E+15 -23.49479000 -20.78363000   0.2081E+12      0.0253330    196.4535660   0
     921    207.9063048     46.3612851 0.06393264511   3   1.6932187  23.8301459 14.23000000    400.8870072     46.4727156   0.2554E+14 -22.33719000 -19.83441000   0.7351E+11      0.0169283     74.8300732   0
     926    208.1475041     46.3665008 0.06290489442   3   2.2737704  24.2418249 13.99500000     74.8409186     61.4188407   0.1467E+13 -22.55715000 -19.98542000   0.8902E+11      0.1449431    119.6127167   0
     931    208.4344191     33.2312124 0.05119535143   3   1.1146317  22.0407278 13.80200000    233.6338240     24.5730262   0.5655E+13 -22.27439000 -21.75469000   0.1056E+12      0.0183540     47.2831462   0
     937    208.8770000     25.0740003 0.02963239956   3   0.9782221  22.1860805 14.28700000    224.5227557     12.5460067   0.2300E+13 -20.57478000 -20.04905000   0.2260E+11      0.0068835     17.0414820   0
     943    209.1974994     23.2260013 0.06420333940   3   2.3110303  24.0459879 13.76100000    810.2342922     63.6938224   0.1746E+15 -22.83950000 -20.14039000   0.1149E+12      0.0136172    121.6578494   0
     945    209.4529992     32.5890009 0.04803116955   3   1.6309742  23.7294574 14.58100000    355.9824561     33.7594877   0.1103E+14 -21.33767000 -20.13974000   0.4108E+11      0.0109197     42.8626156   0
     946    209.5288231     21.6757444 0.06683991753   3   0.5387186  21.4321608 14.55800000    114.5391449     15.4473356   0.8675E+12 -22.15686000 -20.82298000   0.7713E+11      0.0239050     30.1913845   0
     948    209.5400015     32.6295004 0.04954099326   3   1.9093801  23.7432768 14.16300000    417.3737023     40.7498379   0.3045E+14 -21.83152000 -20.80950000   0.5886E+11      0.0173388     79.7965734   0
     950    209.5523484     18.3358496 0.06373900529   4   1.5667663  23.8405906 14.72900000    626.4562546     42.8738240   0.5217E+14 -21.86161000 -20.52945000   0.6314E+11      0.0086752     59.9254838   0
     961    210.7255482      9.3674658 0.02076251284   5   6.4693537  24.2304608 12.62900000    202.3463102     58.2510163   0.7095E+13 -21.37511000 -21.36121000   0.7113E+11      0.0332027     74.0815497   0
     964    210.9484998      9.5675000 0.02392880444   3   5.2230168  24.3256451 13.03600000    227.1259181     54.1630907   0.8216E+13 -21.31140000 -20.96219000   0.5639E+11      0.0292071     73.1468952   0
     973    211.6285039      9.3370100 0.02495629668   3  10.1882069  26.2212441 12.77800000    118.2269583    110.1639816   0.6629E+13 -21.65724000 -19.47703000   0.4116E+11      0.1660768    216.5041196   0
     982    212.7594573     25.4995192 0.03160693234   3   2.3436587  23.7764297 13.82900000    444.9238376     32.0465035   0.2359E+14 -21.16477000 -20.27262000   0.3435E+11      0.0111416     54.6603922   0
     985    212.8795174     55.2950135 0.04259112982   3   4.1841240  25.3740111 14.14600000    289.8187455     76.8972673   0.2705E+14 -21.53541000 -20.61284000   0.4786E+11      0.0460829    147.2674101   0
     986    212.9251740     27.9846484 0.06579139082   5   2.8496095  24.6617151 14.24000000    419.1883631     80.4490184   0.3752E+14 -22.38867000 -20.97523000   0.1022E+12      0.0213674     98.7646213   0
     987    212.9519989     52.8055001 0.07634831318   5   1.4101770  23.5112009 14.61300000    285.1621518     46.0808457   0.3624E+13 -22.41466000 -20.80238000   0.1033E+12      0.0046304     14.5596613   0
     995    214.2015031     10.8415007 0.02537853244   3   5.8025255  23.7767083 11.66700000    627.5790649     63.7975551   0.1046E+15 -22.82261000 -21.38082000   0.1336E+12      0.0175634    121.5396905   0
     997    214.4040000      2.0575000 0.05608123766   3   0.8996287  21.5352152 13.53200000    698.0813795     21.7004052   0.3411E+14 -22.77575000 -21.31700000   0.1323E+12      0.0038148     29.3639350   0
    1011    215.4100015     49.5470010 0.07239122304   3   1.3129933  22.9688632 13.98600000    521.7171279     40.7207951   0.4521E+14 -22.90877000 -20.77024000   0.1313E+12      0.0132333     76.1277082   0
    1012    215.5575036     48.5585009 0.07317400671   3   1.8910966  23.4881546 13.79300000    772.2715074     59.2727782   0.1443E+15 -23.06293000 -21.53453000   0.1659E+12      0.0130179    110.8537425   0
    1026    216.4959995     25.7255004 0.07639012019   3   1.3600432  23.4704107 14.42100000    570.5264226     44.4664887   0.4098E+14 -22.59364000 -20.66268000   0.9860E+11      0.0099461     62.5704226   0
    1029    216.8633430     11.3214418 0.02772042655   4   6.5091955  25.0956507 13.15500000    489.6298641     78.1300296   0.6044E+14 -21.48901000 -21.21029000   0.5861E+11      0.0212341    114.6415145   0
    1045    218.2815031     53.2445002 0.04455516381   3   2.5038887  23.9841976 13.62200000    238.6232186     48.1169290   0.1064E+14 -22.12269000 -20.22745000   0.6532E+11      0.0270894     71.2776357   0
    1046    218.2831193      3.9075458 0.03032379073   3   4.8056284  25.0879754 13.80100000     71.8038958     63.0617460   0.1187E+13 -21.06047000 -20.85667000   0.3844E+11      0.1343912    106.4044325   0
    1047    218.2925021     52.9710006 0.04779291630   3   1.2697499  22.8452793 14.17300000    648.6212942     26.1536185   0.2932E+14 -21.60403000 -20.91309000   0.5165E+11      0.0049124     35.1338015   0
    1050    218.5009999      3.7875000 0.02990900608   3   1.2876448  21.4086344 13.08600000    117.7930979     16.6675460   0.9494E+12 -21.79485000 -21.76149000   0.8206E+11      0.0241319     31.3438358   0
    1056    218.9800024     28.1335013 0.05327157285   3   2.5820528  24.4158656 13.99100000    222.1365235     59.2026341   0.7516E+13 -22.18187000 -20.45342000   0.6892E+11      0.0293775     71.9573797   0
    1061    219.1485738      9.9311096 0.05506203923   3   3.1338824  24.3118865 13.79200000    413.2520286     74.2383954   0.4451E+14 -22.49749000 -21.96349000   0.1215E+12      0.0264746    120.6382689   0
    1083    221.8055001     13.4335000 0.02882820389   3   4.0204236  24.5997469 13.60500000    611.5262302     50.1730555   0.7491E+14 -21.18172000 -20.63318000   0.4125E+11      0.0122350     82.5008459   0
    1098    222.8205004     16.6865002 0.04682897898   3   1.4942733  23.8801447 14.57700000    309.9932540     30.1644025   0.8741E+13 -21.32629000 -19.03220000   0.2910E+11      0.0121448     41.5129886   0
    1099    222.8285043     18.6840171 0.04412605757   3   0.6247339  21.1505199 13.87300000    416.7229117     11.8910268   0.8794E+13 -21.85952000 -20.28585000   0.5372E+11      0.0050310     23.1174523   0
    1105    223.2045220     16.9196533 0.04655603530   3   3.3844896  25.0251830 13.91800000     86.9890097     67.9277718   0.1875E+13 -21.93647000 -19.32122000   0.5032E+11      0.1174033    112.6121790   0
    1106    223.2339881     16.6974569 0.04454482942   4   0.8078186  21.6618786 14.19300000    500.4696230     15.5201901   0.1408E+14 -21.63402000 -21.05061000   0.5980E+11      0.0046755     25.8015343   0
    1146    226.6185000      9.6613221 0.04492337381   4   4.1192936  25.2037443 14.08700000    210.9662510     79.8072062   0.1277E+14 -21.67137000 -20.98609000   0.5835E+11      0.0513852    119.5341597   0
    1151    226.7517333     20.4798626 0.04278753069   3   5.4259413  25.2751582 13.56800000    494.6008531    100.1749936   0.1008E+15 -22.09738000 -21.53842000   0.8325E+11      0.0330519    180.2567454   0
    1155    227.3655713      7.5603159 0.07785124484   3   0.4326844  21.0280653 14.43200000    733.8748623     14.4120055   0.2949E+14 -22.63315000 -20.41394000   0.9966E+11      0.0030883     24.9907332   0
    1162    227.8655168      7.2645006 0.04535148631   3   2.3763818  23.4745240 13.17400000    509.5690368     46.4740469   0.4420E+14 -22.62184000 -20.40752000   0.9702E+11      0.0137182     77.0796621   0
    1163    227.8750000      1.7755000 0.03917528060   3   1.6370734  22.9462435 13.63500000    529.7435453     27.6960375   0.2402E+14 -21.88225000 -20.64081000   0.5664E+11      0.0066637     38.9243108   0
    1169    228.2950001      4.2910001 0.03708779283   3   1.5967391  22.5928176 13.39400000    129.7242588     25.5867526   0.1660E+13 -21.94825000 -20.96408000   0.6562E+11      0.0264588     37.8470923   0
    1177    229.0130348      6.8762722 0.03742551761   3   3.4663003  25.6448743 14.73800000    483.5374129     56.0466901   0.4597E+14 -20.62990000 -19.21299000   0.1896E+11      0.0172024     91.7192618   0
    1179    229.0704758      6.7795000 0.03448238104   4   3.0410529  24.7288685 14.38500000    403.7810189     45.3352296   0.2600E+14 -20.81109000 -19.88930000   0.2842E+11      0.0156146     69.5213043   0
    1181    229.1864999      7.0390000 0.03512600000   3   2.0478070  22.6009698 12.69100000    869.2393063     31.0933165   0.9759E+14 -22.51738000 -20.72773000   0.9403E+11      0.0060465     57.9543264   0
    1192    229.7525002      4.5140000 0.03731379181   3   2.0673547  23.0389001 13.00200000    644.4996204     33.3281805   0.3758E+14 -22.33481000 -19.78381000   0.7303E+11      0.0064115     45.5640052   0
    1193    229.8484979     25.7540002 0.03413956700   3   4.0421126  25.1993484 13.92200000    402.1885884     59.6644380   0.3933E+14 -21.13226000 -19.85717000   0.3027E+11      0.0229024    101.5668122   0
    1194    229.8544999     20.8955000 0.04069074859   3   0.6675030  20.4079096 13.02600000    111.0682617     11.7254973   0.3671E+12 -22.53402000 -21.22445000   0.1043E+12      0.0099057     12.1315477   0
    1197    230.0595239     25.7243946 0.03390194328   3   1.4900155  22.6896737 13.53400000    213.4593155     21.8418036   0.3390E+13 -21.59811000 -20.01080000   0.4339E+11      0.0148263     34.8970219   0
    1202    230.2924997     30.5785002 0.07645379166   3   0.9444451  22.3797635 14.44900000   1113.5027100     30.9038012   0.1601E+15 -22.55979000 -22.05142000   0.1337E+12      0.0048099     59.0571583   0
    1205    230.6367297      7.7327851 0.04451076755   3   1.2429192  23.4924103 14.58400000     72.8885468     23.8614810   0.5013E+12 -21.16660000 -18.85222000   0.2537E+11      0.0535832     43.0654456   0
    1206    230.7279743      7.3460896 0.07690064614   4   1.7063713  23.7952402 14.45500000    503.5886102     56.1555268   0.4776E+14 -22.58670000 -21.09842000   0.1190E+12      0.0147954     82.1565914   0
    1216    231.9427866     28.9140407 0.06600386414   4   1.8641946  23.0547067 13.57000000    184.4292940     52.7964487   0.6181E+13 -23.09497000 -21.82634000   0.1988E+12      0.0358192     72.8428464   0
    1218    232.1892710      7.3651813 0.04258254899   3   2.8381207  24.9209793 14.27400000    490.6961095     52.1495517   0.4930E+14 -21.48928000 -19.50094000   0.3513E+11      0.0159897     86.5155858   0
    1220    232.3604353      7.5769051 0.04389113498   4   5.1085866  24.7269889 12.94800000    229.1688649     96.7232625   0.1349E+14 -22.77982000 -21.43438000   0.1340E+12      0.0482020    121.8040783   0
    1232    234.1865010     25.4205006 0.03468176094   3   1.7835978  23.2636502 13.69800000    709.3617498     26.7419043   0.5251E+14 -21.46951000 -19.74436000   0.3802E+11      0.0051357     40.1705159   0
    1234    234.8324376     21.7366174 0.04209161999   3   1.4291809  23.1735126 14.01900000    372.4691512     25.9609925   0.1512E+14 -21.61392000 -19.68214000   0.3982E+11      0.0121109     49.7400962   0
    1235    234.8822246     38.1469354 0.06583897575   3   2.0490598  24.2275496 14.39200000    291.7711173     57.8893981   0.1829E+14 -22.25274000 -20.80778000   0.8036E+11      0.0298694     96.0970364   0
    1238    235.1327043     28.3522701 0.03157176280   3   1.8375112  23.0859107 13.62700000    587.6639083     25.0978354   0.3187E+14 -21.44339000 -19.97816000   0.4098E+11      0.0065363     42.3546435   0
    1244    235.7120512      8.2392914 0.04071071123   3   2.6268431  23.8342162 13.41900000    185.4753199     46.1661010   0.6846E+13 -22.17832000 -20.37848000   0.7090E+11      0.0444135     90.8325480   0
    1254    236.2500001     36.1075001 0.06516706183   3   0.4275364  20.2623675 13.64000000    746.0229534     11.9573147   0.1989E+14 -23.04929000 -20.29040000   0.1380E+12      0.0021239     17.4715130   0
    1262    237.2975000     25.6200000 0.07041107771   4   0.3948951  20.7292056 14.70000000    399.6905438     11.9179214   0.5036E+13 -22.14725000 -21.38603000   0.8900E+11      0.0032129     14.1600751   0
    1270    238.7715050     28.6075013 0.07791435797   3   3.9363606  25.7192721 14.35200000    705.6739364    131.2179974   0.2763E+15 -22.70447000 -20.73039000   0.1096E+12      0.0325748    253.4700179   0
    1276    239.5039516     28.7947862 0.07732346943   3   1.9982904  23.8261774 13.92600000    527.1403829     66.1170594   0.6725E+14 -23.13047000 -21.02454000   0.1591E+12      0.0190004    110.4410523   0
    1283    240.0250017     15.5960034 0.03451745616   3   4.6352623  25.8335353 14.06800000    344.2682254     69.1710167   0.3346E+14 -21.09958000 -18.73983000   0.2395E+11      0.0334618    127.0242240   0
    1288    240.5374999     15.7020000 0.03461757120   3   1.0938130  22.0015606 13.78300000    463.7967649     16.3696906   0.1397E+14 -21.38076000 -20.73693000   0.4481E+11      0.0050253     25.6998608   0
    1289    240.5515000     15.9140000 0.03469877067   3   0.7405161  21.2982660 13.66900000    629.7483669     11.1081346   0.1791E+14 -21.61199000 -19.84322000   0.4242E+11      0.0029114     20.2166800   0
    1294    240.6824996     16.2340001 0.03574455886   3   1.7955378  24.4111868 14.70100000    923.2549257     27.7390209   0.9416E+14 -20.53545000 -18.07616000   0.1420E+11      0.0043085     43.8621954   0
    1295    240.6929993     16.5625007 0.03626249524   3   2.1525401  24.0145178 14.05400000    170.2902060     33.7320729   0.2625E+13 -21.22803000 -19.52319000   0.3042E+11      0.0243961     45.8090803   0
    1308    241.4309991     15.7795005 0.04109205188   3   2.2146794  23.5418350 13.55900000    741.0335588     39.2834652   0.6598E+14 -22.01155000 -20.60921000   0.6673E+11      0.0069219     56.5590721   0
    1309    241.4530001     16.2015007 0.04387000000   3   1.9672364  23.9456117 14.54000000    837.1336368     37.2288541   0.1010E+15 -21.18452000 -20.94524000   0.4131E+11      0.0059388     54.8190605   0
    1318    242.7318897     52.4531037 0.06378558271   4   2.5945515  24.0540656 13.60900000    728.6158691     71.0497632   0.1272E+15 -22.95970000 -20.66595000   0.1398E+12      0.0132539    106.4838474   0
    1321    242.8224981     14.2620003 0.03221847843   3   4.4444847  25.5651337 13.88000000    429.3048633     61.9397074   0.2852E+14 -21.19669000 -18.69788000   0.2543E+11      0.0131847     62.4132478   0
    1322    242.9731378     29.8474026 0.05024884370   3   2.2070910  23.1490927 13.12100000    136.6660252     47.7684929   0.3799E+13 -22.90673000 -21.27350000   0.1414E+12      0.0616343     92.8803030   0
    1327    243.2325000     30.7685000 0.04969437326   3   0.7817019  22.3555926 14.41800000    368.5644076     16.7340537   0.7314E+13 -21.59447000 -18.90919000   0.3613E+11      0.0060316     24.5124412   0
    1330    243.9069992     19.4675002 0.03070364062   3   2.0160475  22.6343284 13.16500000    242.0941018     26.7845866   0.6503E+13 -21.81798000 -21.49282000   0.7007E+11      0.0189808     50.6685345   0
    1332    244.3114969     34.8905021 0.02932428619   3   2.6094340  23.2018812 12.92400000    341.4481328     33.1211617   0.1473E+14 -21.99071000 -20.87237000   0.6558E+11      0.0125226     47.1478244   0
    1336    244.8736484     24.7609531 0.06356442959   3   3.7262976  25.6409364 14.39200000    221.9195933    101.6934327   0.1876E+14 -22.19570000 -20.21661000   0.6780E+11      0.0713230    174.5282935   0
    1337    244.8844906     50.5595020 0.05594863099   3   2.9560049  24.8548831 14.02700000    150.3326277     71.1370115   0.5212E+13 -22.25438000 -19.59018000   0.6659E+11      0.0664061    110.0782897   0
    1345    245.6979954     37.7435008 0.03130123245   3   3.2262123  24.9522938 14.27800000    146.6448143     43.6907072   0.3791E+13 -20.69427000 -19.55249000   0.2139E+11      0.0442682     71.5812826   0
    1354    246.2584997     40.9340000 0.02910242799   3   1.5659156  23.0581284 13.81600000    187.6446219     19.7265614   0.2335E+13 -20.94034000 -19.55740000   0.2427E+11      0.0151440     31.3342032   0
    1357    246.6220131     40.8840041 0.03030875444   4   4.3817235  25.7513182 14.13700000    423.7732157     57.4707476   0.3004E+14 -20.68014000 -18.09425000   0.1685E+11      0.0155141     72.4937056   0
    1360    246.8524791     14.1096837 0.05081102688   4   2.5199632  24.6995590 14.52700000    408.0248867     55.1428360   0.3491E+14 -21.50793000 -19.96022000   0.4538E+11      0.0213532     96.0707587   0
    1363    246.9435069     39.3625024 0.02969619682   3   3.2871293  24.2834352 13.27600000    365.7443150     42.2486131   0.2261E+14 -21.54140000 -19.25074000   0.3642E+11      0.0176478     71.1720744   0
    1368    247.2294933     42.7975008 0.03140961343   4   3.8481924  25.1513073 14.06000000    217.9200585     52.2929465   0.6507E+13 -20.94055000 -19.78302000   0.2614E+11      0.0248904     59.8093876   0
    1369    247.2643958     40.8755879 0.03271171239   3   3.6333164  25.0126864 14.54500000    918.6993916     51.4043140   0.1780E+15 -20.51744000 -20.34200000   0.2712E+11      0.0087353     88.4898916   0
    1371    247.5807014     40.6718543 0.02924970176   3   1.8918034  23.4795062 14.10900000    455.7703475     23.9517199   0.1803E+14 -20.69002000 -20.15785000   0.2418E+11      0.0079573     39.9899901   0
    1373    248.0154996     13.6560001 0.05259697522   4   1.5564089  23.2218703 13.91900000    703.5617094     35.2399432   0.4334E+14 -22.20757000 -19.92186000   0.7212E+11      0.0050735     39.3598183   0
    1384    252.3784912     26.8140044 0.05501130778   3   5.0738932  26.1693777 14.36300000    378.7601270    120.0859441   0.7078E+14 -21.89076000 -20.41091000   0.5629E+11      0.0534443    223.2063009   0
    1393    254.1395041     28.0015009 0.03500498082   4   3.7938656  24.9639289 13.67500000    309.2910451     57.4081433   0.2081E+14 -21.55601000 -19.09634000   0.3731E+11      0.0265806     90.6509028   0
    1400    255.9963103     25.0508678 0.03836279113   5   3.6625008  24.2778438 13.52000000    188.8011080     60.6887603   0.5722E+13 -21.94090000 -21.06023000   0.8070E+11      0.0379582     79.0224209   0
    1406    256.6415015     24.7930004 0.03867112042   3   2.4441819  23.9004747 13.57100000    381.3632893     40.8233957   0.2316E+14 -21.85805000 -19.84204000   0.4986E+11      0.0145856     61.3343302   0
    1408    256.7255030     24.8880014 0.03692315042   3   3.1057034  24.8527792 14.41700000    107.3804484     49.5479651   0.2481E+13 -20.95693000 -20.38435000   0.3133E+11      0.0829498     98.2157394   0
    1411    257.7321826     30.1036268 0.08192369770   3   2.0846276  24.6182953 14.71600000    753.6155103     72.9946621   0.1584E+15 -22.48426000 -20.93958000   0.9544E+11      0.0153040    127.1735681   0
