       1    112.0062552     41.9193142 0.05918000000   3   1.1754420  22.7400079 14.30948000    344.2877491     29.8977512   0.9067E+13 -22.09431000 -21.55414000   0.8421E+11      0.0102649     38.9688374   0 1.000 0.667
       2    112.0420837     40.0549356 0.05041100000   4   4.3775331  25.6860985 14.15301000    311.8348093     95.0458378   0.2616E+14 -21.86091000 -20.23558000   0.5355E+11      0.0341891    117.5580685   0 0.500 0.500
       7    116.7575752     41.5760916 0.02907900000   7  15.9487636  27.6768903 13.51052000    186.2730434    200.7536241   0.1021E+14 -21.27249000 -19.93102000   0.3607E+11      0.0799163    164.1444165   0 1.000 0.714
       8    116.8595340     26.9746537 0.01673600000   4   5.9678760  24.8166393 12.77954000    204.0078416     43.3512568   0.4503E+13 -20.79902000 -19.52270000   0.2294E+11      0.0248278     55.8503714   0 0.750 0.750
       9    117.0222055     28.1972242 0.02774400000   3   4.7309462  25.3484777 14.42484000     97.8658898     56.8336364   0.2371E+13 -20.26082000 -20.11426000   0.2503E+11      0.1047031    112.9877774   0 0.333 1.000
      11    117.2888089     43.7376690 0.03190000000   5   7.2460045  25.7696568 13.26461000    162.7515454     99.9917034   0.6938E+13 -21.74844000 -20.55612000   0.5309E+11      0.0576538    103.4651502   0 0.400 0.800
      15    117.7948057     50.2298327 0.02180500000  10  10.9619126  25.4062815 12.83933000    442.3808101    103.6351438   0.3734E+14 -21.24187000 -21.21502000   0.8222E+11      0.0177048     86.3628858   0 1.000 0.600
      19    118.1750959     28.7917350 0.07628800000   4   2.8133808  25.3461465 14.73861000    250.8182155     91.8625646   0.1419E+14 -22.26616000 -19.94195000   0.7498E+11      0.0361008     99.8429013   0 1.000 0.500
      20    118.2024371     44.2540746 0.06825500000   3   1.5913120  23.7525849 14.53212000    506.2413275     46.5796025   0.3849E+14 -22.22439000 -21.21894000   0.8274E+11      0.0112503     62.8004571   0 1.000 0.667
      23    119.1766592     44.0972773 0.04731900000   3   1.0277665  22.5378565 14.28977000    549.6815998     20.9618354   0.1727E+14 -21.56522000 -20.70917000   0.4690E+11      0.0046450     28.1535642   0 1.000 1.000
      24    119.1993865     45.8932351 0.05491700000   5   2.3194292  23.7062494 14.07219000    599.8789842     54.8020169   0.3775E+14 -22.24985000 -22.02714000   0.1146E+12      0.0081049     53.6104718   0 0.800 0.400
      34    120.9295414      9.9539084 0.03511000000   3   0.7214298  21.0581276 13.37183000    106.7014568     10.9490358   0.4835E+12 -21.83434000 -19.96861000   0.4884E+11      0.0137325     16.1569966   0 1.000 0.333
      36    121.3668332     37.5434043 0.03428300000   4   2.0415891  23.2105912 13.75965000    191.9578134     30.2608931   0.3085E+13 -21.39498000 -21.13634000   0.5082E+11      0.0189354     40.0794016   0 1.000 0.750
      39    121.8997905     14.9383889 0.02949200000   3   2.4988849  24.5655625 14.26372000    314.3318579     31.8981572   0.1278E+14 -20.56795000 -19.12309000   0.1646E+11      0.0168311     58.3366930   0 0.333 0.333
      40    122.0680843      9.0154026 0.05353900000   7   5.6062743  25.5306851 13.97205000    218.9528316    129.1805944   0.1001E+14 -22.18952000 -21.24218000   0.1169E+12      0.0374340     90.3769132   0 0.857 0.857
      46    123.3873433     54.3877189 0.04133000000   3   2.9139499  24.9833614 14.58681000    400.8913458     51.9833534   0.2565E+14 -20.98112000 -20.54519000   0.3104E+11      0.0174951     77.3365353   0 0.667 0.333
      47    123.4778685      9.7009999 0.05268200000   4   2.4950605  24.8399913 14.60236000    324.8900717     56.5829038   0.1589E+14 -21.55184000 -19.63827000   0.4243E+11      0.0189328     67.8252012   0 1.000 0.500
      48    123.5443789     46.0075925 0.05074200000   3   2.2576503  24.6572630 14.66727000    169.0862434     49.3365000   0.4820E+13 -21.38502000 -20.23095000   0.3784E+11      0.0416975     77.7426023   0 1.000 0.667
      49    123.6100267     55.1735010 0.03413300000   5   4.3687410  24.6675386 13.05805000    425.2926154     64.4734003   0.2739E+14 -21.98147000 -19.31748000   0.5608E+11      0.0162256     76.0904712   0 1.000 0.800
      51    123.9292285     58.3207007 0.02690800000   7   9.4602216  25.5280384 12.54888000    401.0770845    110.2436801   0.2900E+14 -22.09799000 -21.09523000   0.8013E+11      0.0204819     90.5811455   0 1.000 0.714
      52    124.0529197     23.1710771 0.01457200000   3   7.1312784  25.6020886 13.40158000    114.4458649     45.1234661   0.1856E+13 -19.92644000 -19.57899000   0.1232E+11      0.0522688     65.9604062   0 1.000 0.667
      54    124.6189791     56.6063740 0.04350200000   3   0.9747337  22.6109388 14.53332000    212.0058832     18.2931567   0.2407E+13 -21.15968000 -20.33545000   0.3318E+11      0.0097756     22.8524664   0 1.000 0.667
      57    125.2703598     35.7792626 0.06171100000   9   9.9866672  26.9297683 14.14128000    441.8713164    264.7158068   0.9597E+14 -22.38833000 -21.45015000   0.1378E+12      0.0474183    231.0376616   0 0.778 0.778
      58    125.3412896     39.2434747 0.02879000000   4  10.7317267  26.6461804 13.45049000    299.1706985    133.7508436   0.2621E+14 -21.35567000 -20.11890000   0.4189E+11      0.0415738    137.1447810   0 0.500 0.500
      62    125.6668721     32.1055314 0.08850000000   3   1.2574383  23.4637305 14.70038000    429.4003125     47.4875131   0.3439E+14 -22.70331000 -21.23740000   0.1202E+12      0.0152938     72.4131735   0 0.667 1.000
      64    125.8635892      4.3940025 0.03171900000   5   5.5619718  24.7811424 12.64713000    438.5003758     76.3204917   0.3062E+14 -22.34549000 -19.64067000   0.7643E+11      0.0153446     74.1933812   0 1.000 0.800
      70    127.1351229     30.4266537 0.05104300000   6   2.6836150  23.4959037 13.06965000    805.3705957     58.9887221   0.8386E+14 -22.99542000 -21.03827000   0.1573E+12      0.0069395     61.6260628   0 0.833 0.667
      74    127.7424574     39.8343594 0.02966500000   3   2.5054679  24.1493924 14.39532000    413.4711281     32.1685258   0.1257E+14 -20.43831000 -20.33226000   0.2446E+11      0.0073649     33.5780368   0 0.667 0.667
      75    127.8994547     19.3653482 0.03956800000   3   3.3333004  25.5046537 14.54754000    116.2832637     56.9529078   0.2320E+13 -20.92969000 -19.19271000   0.2241E+11      0.0638109     81.8187794   0 1.000 0.667
      78    128.3648224     41.4384446 0.02532300000   8  14.9245602  26.9962772 13.22823000    220.7756047    163.7355996   0.1778E+14 -21.24193000 -20.53072000   0.4510E+11      0.0699879    170.3785224   0 0.750 0.375
      79    128.5849496     48.0733985 0.04346000000   4   3.1778373  24.3766685 13.59245000    403.2620398     59.5825599   0.2034E+14 -22.10062000 -20.35067000   0.6972E+11      0.0145336     64.6253118   0 1.000 0.750
      82    128.8725305     52.7892957 0.04479800000   3   2.4235852  23.6944872 13.47772000    273.1606755     46.8249026   0.1368E+14 -22.31731000 -20.75916000   0.8331E+11      0.0236437     71.2154079   0 1.000 0.667
      86    129.2640249     55.6632674 0.04489000000   3   2.5086378  24.5183621 14.34827000    585.1496873     48.5666350   0.5628E+14 -21.42441000 -20.10317000   0.4026E+11      0.0118190     76.2584555   0 1.000 0.667
      88    129.3876185     35.9603376 0.08416900000   3   3.8247597  25.9012933 14.75703000    322.7205487    137.5211370   0.4752E+14 -22.46595000 -21.41902000   0.1024E+12      0.0608275    216.4547586   0 0.667 0.667
      89    129.5039969     25.2988842 0.02898500000   5   4.0954910  24.3754549 13.64571000    341.0153178     51.3859946   0.2041E+14 -21.12547000 -20.59314000   0.4976E+11      0.0206738     77.7384577   0 0.800 0.800
      92    129.7190976     40.3416506 0.02535600000   3   3.3445893  24.3956444 13.41240000    330.5842684     36.7405892   0.1717E+14 -21.05735000 -19.14021000   0.2479E+11      0.0196798     71.7369496   0 1.000 1.000
      94    130.0507814     28.8315019 0.07984900000   3   2.2933694  24.8574987 14.61022000    506.5645535     78.3101494   0.6774E+14 -22.58465000 -20.11618000   0.9157E+11      0.0216497    120.9283795   0 0.667 0.667
     104    131.6457111     29.6106481 0.07166100000   4   1.8007063  23.6867923 14.08497000    364.6044940     55.2931375   0.1586E+14 -22.74111000 -20.98771000   0.1210E+12      0.0141594     56.9257367   0 1.000 0.500
     105    131.8218120     35.4611277 0.05441300000  10   8.6279985  26.6625587 13.90412000    320.1452798    202.0107353   0.3906E+14 -22.30480000 -20.36392000   0.1005E+12      0.0527032    186.0479712   0 0.900 0.300
     107    131.9756945     31.8392437 0.06961300000  10  11.4650545  27.0259393 13.47260000    512.9532239    342.1600130   0.1855E+15 -23.27636000 -20.79295000   0.2109E+12      0.0593613    335.7544838   0 0.900 0.600
     119    133.3182813     40.7458079 0.02992500000   4   8.6849781  26.7088979 13.77570000    145.5079126    112.4799535   0.6491E+13 -21.06932000 -19.55192000   0.2762E+11      0.0823139    132.0688880   0 1.000 0.500
     124    134.0282275     13.1763526 0.01453700000   3   8.4608380  25.9503858 13.04346000    110.8903790     53.4080870   0.2703E+13 -20.18745000 -19.00004000   0.1203E+11      0.0755331     92.3573993   0 0.667 0.667
     126    134.1232298     51.3393858 0.01675100000   8  22.5804334  26.8831538 11.79118000    155.0346169    164.1736252   0.8009E+13 -21.75634000 -19.46954000   0.4866E+11      0.0909973    155.5600678   0 1.000 0.625
     127    134.2030323     51.8625300 0.01755300000   3   7.8353380  26.1087551 13.85556000     70.2767072     59.6852183   0.1260E+13 -19.77877000 -19.62016000   0.1304E+11      0.1502743    116.4493153   0 1.000 1.000
     128    134.2782278     40.0141522 0.09713100000   3   1.0643662  23.2068292 14.59643000    213.0992114     44.0220751   0.5018E+13 -23.06158000 -20.31692000   0.1388E+12      0.0202275     47.5297091   0 1.000 0.333
     132    134.4986451     30.3472477 0.08837300000   3   0.8951981  22.6414680 14.57618000    591.9916658     33.7599628   0.5117E+14 -22.73095000 -21.01241000   0.1229E+12      0.0102095     66.6440666   0 1.000 1.000
     134    134.6503061     54.3112341 0.08609300000   3   1.4149360  23.4184998 14.26295000    417.4452893     52.0130152   0.3425E+14 -23.05483000 -20.97643000   0.1481E+12      0.0158382     72.9032498   0 1.000 1.000
     142    135.6419050      3.4015062 0.02804400000   4   5.8836837  26.1121100 13.97205000    118.5138451     71.4410982   0.2230E+13 -20.73108000 -19.08846000   0.1935E+11      0.0638332     83.4173947   0 0.500 0.250
     144    136.2400759     17.4553930 0.02900300000   6   3.7582329  24.0719496 13.12982000    317.7523338     47.1835168   0.1142E+14 -21.71610000 -20.15034000   0.5754E+11      0.0154720     54.2094641   0 0.833 0.667
     145    136.2948828     18.3496833 0.01489000000  10  34.1695287  27.5044649 11.82937000    529.0090651    220.9156306   0.1242E+15 -21.45787000 -19.98629000   0.4537E+11      0.0355239    207.2166169   0 0.900 0.500
     146    136.3105469     28.2566045 0.02765700000   4   3.8290167  25.1105867 13.93319000    129.8899675     45.8552778   0.2170E+13 -20.72297000 -19.09460000   0.1986E+11      0.0429105     61.4582325   0 1.000 0.500
     147    136.6614684     33.8561264 0.05153600000   3   1.8885692  24.0817605 14.40376000    245.0313367     41.9087836   0.7914E+13 -21.68428000 -20.27697000   0.4589E+11      0.0227452     61.4543180   0 1.000 0.667
     149    136.8731016     49.6364242 0.03432800000   3   2.1015119  24.5261372 14.58237000    810.1822290     31.1896447   0.6624E+14 -20.57161000 -18.92836000   0.1612E+11      0.0048618     43.4334861   0 1.000 0.333
     153    136.9878280     49.5996979 0.03776600000   3   0.4302822  20.0581288 14.01256000    668.9259608      7.0199735   0.1240E+14 -21.24964000 -20.69910000   0.4912E+11      0.0014769     10.8933935   0 1.000 1.000
     154    137.0284115     22.0030419 0.03536300000   3   2.3787047  24.1632627 14.42631000    235.6295818     36.3592584   0.8669E+13 -20.80154000 -20.77121000   0.3091E+11      0.0274367     71.2855867   0 0.333 0.667
     155    137.2352405     37.5186889 0.02356500000   3   4.0659905  25.5979975 14.33772000    401.6050462     41.5269318   0.2429E+14 -19.98778000 -18.95030000   0.1047E+11      0.0155751     68.9715389   0 0.667 0.333
     156    137.4141756     37.6580280 0.02436400000   3   6.8403179  25.7444963 13.65621000    254.3853668     72.2177499   0.1848E+14 -20.66720000 -20.41890000   0.2702E+11      0.0454465    127.4773307   0 0.667 0.667
     161    138.4028118     30.0036116 0.02339100000   4   1.7635047  21.7769277 12.28161000    624.8614807     17.8787947   0.1836E+14 -22.00254000 -20.41541000   0.6529E+11      0.0033086     22.7964669   0 0.750 0.500
     162    138.4946370     52.6316580 0.03969800000   4   3.4077273  25.0707915 14.04275000    136.3237735     58.4140649   0.2470E+13 -21.43225000 -19.40482000   0.3468E+11      0.0438401     65.8997976   0 1.000 0.750
     163    138.5132605      7.0468913 0.05728100000   3   1.1014400  22.8990800 14.30506000    161.4698241     27.1289332   0.2728E+13 -22.04645000 -20.12094000   0.5950E+11      0.0256573     45.6818073   0 1.000 0.667
     164    138.6859621     30.1716761 0.02410800000   3   5.7882652  24.9681487 12.82056000    348.0124406     60.4718684   0.1851E+14 -21.50951000 -20.12187000   0.3919E+11      0.0161160     61.8432604   0 1.000 1.000
     170    139.2472337     49.7896627 0.02916300000   5   8.7128057  26.5130510 13.39048000    112.4786462    109.9862306   0.3981E+13 -21.39548000 -18.97502000   0.3170E+11      0.1125814    139.6296059   0 0.800 0.200
     173    139.4737932      9.6767464 0.04082900000   3   2.4659697  24.8548864 14.59830000    301.9473129     43.4634903   0.1142E+14 -20.92277000 -19.64105000   0.2336E+11      0.0180193     59.9943127   0 0.667 0.667
     178    139.6847095     31.4557039 0.05000600000   3   1.6469400  24.0023106 14.75512000    318.0457029     35.4748400   0.1506E+14 -21.26300000 -20.16422000   0.3531E+11      0.0194013     68.0394058   0 1.000 1.000
     183    140.0082834     26.7705669 0.02696200000   3   3.1889979  24.6120693 13.94825000    229.9698730     37.2367442   0.6739E+13 -20.68593000 -19.75952000   0.2104E+11      0.0229341     58.1559441   0 1.000 0.333
     195    141.5334977     49.3225824 0.02766800000   4   5.8095867  25.4291555 13.77090000    228.5696104     69.6015588   0.9910E+13 -20.88516000 -20.46527000   0.3432E+11      0.0327152     82.4535705   0 0.750 0.750
     196    141.6364951     22.0776958 0.02689800000   3   2.3219696  24.3880737 14.46833000     83.5463274     27.0488149   0.6996E+12 -20.12198000 -19.32001000   0.1352E+11      0.0493728     45.4836935   0 0.333 0.333
     197    141.7833626     23.0251524 0.03022700000   6   7.8607677  25.6779097 13.29534000    745.4719350    102.8257930   0.1083E+15 -21.35050000 -20.29519000   0.5267E+11      0.0121164     99.5964997   0 0.500 0.667
     201    142.4644233      2.2121617 0.02455500000   6   8.2521615  26.3739944 13.68522000    181.4752214     87.8027704   0.6685E+13 -20.71620000 -19.62925000   0.2313E+11      0.0398085     79.6587266   0 1.000 0.333
     203    143.4269569     10.0846588 0.01156400000   5  11.8359940  25.3749980 11.97233000    200.1992768     59.4651550   0.6687E+13 -20.81400000 -20.06091000   0.2588E+11      0.0333690     73.6625149   0 0.800 0.600
     205    143.5183441     27.3629962 0.04352700000   3   1.7908633  23.6991708 14.20536000    169.2576182     33.6288550   0.3834E+13 -21.51180000 -20.43577000   0.4213E+11      0.0285866     53.3520725   0 1.000 0.667
     207    144.1462992     48.4690253 0.02658200000   3   1.4126197  23.0835706 14.23228000    182.3753874     16.2635585   0.1933E+13 -20.34566000 -19.57425000   0.1582E+11      0.0117421     23.6131025   0 0.000 1.000
     211    144.6592543     48.5491201 0.02550700000   3   4.3830560  24.6880605 13.05908000     26.2789243     48.4333256   0.1344E+12 -21.43025000 -19.20824000   0.3274E+11      0.2879440     83.4365561   0 0.667 0.333
     212    145.0748366     52.4709744 0.05798400000   3   2.9461414  25.2222165 14.67997000    161.2442167     73.4428227   0.7863E+13 -21.68876000 -20.61872000   0.5106E+11      0.0714477    127.0319404   0 1.000 1.000
     216    145.5798216      4.2784577 0.02999800000   3   2.9513722  23.9394403 13.15575000    254.3419808     38.3160844   0.1041E+14 -21.69235000 -19.39333000   0.4129E+11      0.0262334     73.5722372   0 0.667 0.667
     217    145.7819169     14.1741637 0.04697300000   3   3.9871424  25.0270014 13.62893000    249.7734308     80.7318830   0.1562E+14 -22.23509000 -20.40466000   0.7109E+11      0.0406177    111.8670788   0 1.000 1.000
     218    145.8026106     31.9121347 0.00601800000   4  11.0314336  24.4312459 11.42397000    163.9845884     28.8575470   0.2031E+13 -19.85798000 -19.60378000   0.1259E+11      0.0188540     34.0915094   0 0.750 0.500
     219    145.8325248     36.2584498 0.02316500000   5   3.7044669  24.0770919 12.85886000    493.0560540     37.1956820   0.1950E+14 -21.40751000 -19.05891000   0.3329E+11      0.0074380     40.4382420   0 1.000 0.400
     221    145.9244205     22.7814449 0.07010100000   4   1.8224254  24.0948134 14.62511000    188.6542435     54.7626671   0.4358E+13 -22.18736000 -21.01003000   0.8380E+11      0.0269636     56.0900363   0 0.750 0.500
     223    145.9898548     42.4520649 0.01770100000   3   4.5020929  24.4587745 13.11909000    288.1353671     34.5825128   0.8763E+13 -20.55125000 -19.93113000   0.2076E+11      0.0151193     48.0361084   0 1.000 1.000
     224    145.9921759     42.6526718 0.01880800000   3   2.4154685  23.7112628 13.38115000    148.6080326     19.7100549   0.1385E+13 -20.38205000 -18.07439000   0.1265E+11      0.0183558     30.0785341   0 0.333 0.333
     228    146.3277913     34.7033691 0.04154000000   4   1.7793392  23.9128285 14.46767000    137.5534725     31.9021794   0.1236E+13 -21.17528000 -19.36125000   0.3135E+11      0.0239161     36.2745521   0 0.750 0.750
     232    147.0279931     53.8001661 0.04745000000   3   3.5140897  25.6206776 14.46402000    131.8827143     71.8678806   0.3879E+13 -21.43064000 -19.17380000   0.3266E+11      0.0724563    105.3670267   0 1.000 0.333
     236    147.4742139      9.1296309 0.01926600000   3   4.0904174  24.1678231 13.16144000    271.0000507     34.1870037   0.1076E+14 -20.62191000 -20.40041000   0.2555E+11      0.0223837     66.8870529   0 1.000 0.667
     242    148.2678552     19.4281880 0.02555900000   3   1.7708147  22.3583584 12.84379000    442.2729505     19.6073863   0.1012E+14 -21.71680000 -20.03530000   0.4725E+11      0.0053436     26.0595528   0 1.000 0.333
     243    148.2770692      7.8575450 0.04198800000   3   2.7213541  24.6013023 14.57163000     80.0168731     49.3127718   0.1212E+13 -21.04752000 -20.74297000   0.3923E+11      0.0804164     70.9524127   0 0.333 0.333
     244    148.4087649      1.7188098 0.09952400000   3   2.7230354  25.3001163 14.72774000    895.3013003    115.3305442   0.3387E+15 -22.92025000 -20.83464000   0.1318E+12      0.0196751    194.2348411   0 1.000 0.667
     248    149.0445603     36.4297211 0.05245700000   3   1.9313889  24.1758614 14.35143000    128.3749530     43.6152658   0.3023E+13 -21.75619000 -19.89455000   0.4547E+11      0.0592370     83.8521916   0 1.000 0.667
     249    149.0876971     20.5013286 0.02539800000   4   3.0306702  23.5417026 13.51728000    380.8590193     33.3469961   0.1585E+14 -20.94169000 -20.85862000   0.4408E+11      0.0116751     49.0305349   0 0.500 0.250
     252    149.1647427     -0.3692617 0.08763600000   3   1.4262260  23.9919900 14.75964000    501.9873263     53.3473404   0.4081E+14 -22.62879000 -20.01595000   0.9470E+11      0.0142348     78.7922745   0 1.000 1.000
     255    149.2788428     15.8836320 0.08244400000   3   3.7590832  25.8062410 14.44803000    529.1556644    132.4460050   0.1220E+15 -22.75128000 -19.96073000   0.1044E+12      0.0340053    198.4134990   0 1.000 0.667
     257    149.4443211      1.7599470 0.03283100000   3   2.6571802  24.8549918 14.64020000    162.3397142     37.7299397   0.3872E+13 -20.44097000 -19.32787000   0.1759E+11      0.0314357     56.2715686   0 1.000 1.000
     265    150.6336412     32.7158204 0.05111800000   7   2.2402309  23.6301348 13.79873000    323.9448366     49.3141327   0.1117E+14 -22.30081000 -20.83217000   0.9841E+11      0.0133360     47.6362250   0 0.857 0.429
     267    151.0113216     51.6213038 0.04988600000   3   1.1757332  23.2723874 14.58023000    567.5458017     25.2650628   0.2752E+14 -21.42503000 -19.83045000   0.3518E+11      0.0062212     38.9325806   0 1.000 0.667
     271    151.2197954     46.7081898 0.02486800000   3   2.1939499  23.7250197 13.95495000    187.4016601     23.6394611   0.3069E+13 -20.47076000 -19.73432000   0.1862E+11      0.0194048     40.0980714   0 1.000 0.667
     277    151.7702218     37.8777036 0.05354700000   3   3.0312168  25.4678770 14.59613000    302.6718598     69.8560343   0.1647E+14 -21.59126000 -18.89405000   0.3639E+11      0.0265328     88.5513760   0 0.333 0.333
     278    151.8160737     47.6540950 0.05258600000   3   2.6887613  25.0993708 14.73546000    343.6651594     60.8659296   0.3010E+14 -21.39402000 -20.25913000   0.3880E+11      0.0307493    116.5228757   0 1.000 0.667
     280    152.1080869     37.8398993 0.05449500000   3   0.9355784  22.6476490 14.62957000    184.9286558     21.9376277   0.3273E+13 -21.61849000 -20.20801000   0.4919E+11      0.0214201     43.6783398   0 1.000 1.000
     281    152.2273755     50.1281157 0.05200500000   5   5.9705762  26.3611018 14.25719000    165.4611800    133.6822993   0.9784E+13 -21.86438000 -20.39667000   0.5865E+11      0.0922489    168.3054584   0 0.600 0.400
     286    153.2587963     17.0371939 0.02312400000   3   1.9412752  23.1747737 13.38718000    122.0384219     19.4575664   0.7441E+12 -20.86663000 -18.97979000   0.2098E+11      0.0191291     25.7413924   0 0.000 0.667
     289    153.6570067     -0.8320419 0.04947600000   3   1.5098478  22.8904314 13.58464000    533.3749568     32.1812822   0.3573E+14 -22.45318000 -20.17963000   0.8370E+11      0.0082165     48.3238873   0 1.000 0.667
     296    154.7184939     16.1533421 0.02971100000   3   2.7909850  24.1781911 13.50851000    241.5387605     35.8895589   0.5863E+13 -21.32483000 -18.83611000   0.2937E+11      0.0180366     48.0377833   0 1.000 0.333
     297    154.8398033     28.0101609 0.05115800000   3   4.0329169  25.7970986 14.63158000    151.1981792     88.8450965   0.8336E+13 -21.43884000 -20.25049000   0.4271E+11      0.1001969    167.0480661   0 1.000 0.667
     299    155.1506276      7.8303951 0.04626000000   3   3.8925557  25.5142008 14.23958000    606.3914924     77.6335258   0.1034E+15 -21.59593000 -19.90007000   0.4199E+11      0.0171186    114.4623945   0 0.667 0.667
     300    155.1858322     38.5177078 0.05416500000   4   2.2263401  24.0294145 13.91178000    469.3661620     51.8916438   0.2627E+14 -22.29094000 -19.82568000   0.7521E+11      0.0108389     56.0968159   0 1.000 1.000
     301    155.1922825     43.0034717 0.02398400000   3   5.6995886  24.2853833 12.92882000    242.0615622     59.2407918   0.1282E+14 -21.42404000 -21.18303000   0.6879E+11      0.0326714     87.2034808   0 0.333 0.667
     302    155.2314941     25.5257317 0.02168400000   5   8.3620633  25.0754708 12.17626000    271.0888055     78.6192206   0.1326E+14 -21.94626000 -20.53385000   0.5941E+11      0.0300943     89.9573929   0 1.000 0.400
     303    155.2670267     21.7251332 0.04229900000   3   1.9397990  24.3062451 14.53324000    275.6119868     35.4082171   0.1114E+14 -21.05978000 -19.43787000   0.2559E+11      0.0220320     66.9566444   0 1.000 1.000
     306    155.3400100     38.3070389 0.05550800000   3   3.4683843  25.4580810 14.68013000    432.9015660     82.8189328   0.5967E+14 -21.58256000 -21.04978000   0.5235E+11      0.0253295    120.9086076   0 0.333 0.333
     309    155.5421619     38.5218274 0.05603600000   4   1.1003040  22.3718075 14.28111000    622.7881211     26.5198801   0.2122E+14 -22.05330000 -21.54787000   0.9067E+11      0.0040918     28.0994546   0 1.000 1.000
     313    155.6845068     19.8000018 0.04009500000   4   1.7652356  23.8522857 14.38609000     87.1434806     30.5587978   0.8605E+12 -21.11847000 -19.50821000   0.2925E+11      0.0542818     52.1591219   0 0.500 0.500
     314    155.8323509     13.0736385 0.03310200000   3   2.7504697  24.0457453 13.92562000    158.0792051     39.3744907   0.3368E+13 -21.15198000 -20.31259000   0.3963E+11      0.0361501     63.0122059   0 0.667 0.667
     316    155.8645547     12.8261858 0.03324700000   7   3.8774782  24.3188046 13.35908000    203.8969308     55.7495001   0.4931E+13 -21.74340000 -20.77607000   0.6184E+11      0.0245740     55.2494467   0 1.000 0.429
     318    156.0508063     28.0296831 0.02204700000   3   5.3737558  25.6191497 13.95923000    170.5353371     51.3651733   0.6530E+13 -20.17980000 -19.48386000   0.1538E+11      0.0544930    102.4696985   0 1.000 0.333
     322    156.1798004      6.5297184 0.04478400000   9  14.7086014  27.5779863 13.61332000    377.2757317    284.0902235   0.8767E+14 -22.14691000 -20.57124000   0.8302E+11      0.0641535    266.8823728   0 0.556 0.667
     324    156.3429770     27.3976907 0.05044700000   3   2.9261016  25.0558097 14.48916000    237.7554978     63.5768965   0.1502E+14 -21.55266000 -20.50789000   0.4371E+11      0.0463611    121.5417379   0 0.667 0.333
     329    156.6161277     57.1854063 0.02666000000  11  27.7062254  27.9300756 12.67722000    318.7677256    319.9151652   0.5685E+14 -21.75164000 -20.58175000   0.6616E+11      0.0738397    259.5405696   0 0.455 0.545
     330    156.5403894     19.3177380 0.04301000000   3   4.5452379  25.6515778 14.33189000    230.0935232     84.3471359   0.1296E+14 -21.35191000 -20.73392000   0.4311E+11      0.0440278    111.7048280   0 0.333 0.667
     333    156.6794958     35.9323531 0.05450400000   4   7.0575177  27.0439865 14.60711000    346.8912031    165.5131062   0.5031E+14 -21.56383000 -20.50258000   0.4680E+11      0.0530062    202.7498082   0 0.250 0.500
     335    156.8640126      1.2481879 0.02352900000   3   1.4033769  22.1765971 13.63013000     68.8124283     14.3112404   0.2678E+12 -20.67096000 -20.37919000   0.2862E+11      0.0291478     22.1163684   0 0.667 0.667
     343    157.7582212     11.1079997 0.06450300000   3   1.7362445  23.5808398 13.97563000    800.9605262     48.0720923   0.1307E+15 -22.64514000 -20.52466000   0.1014E+12      0.0105301     93.0003975   0 1.000 1.000
     348    158.3783156     11.8679730 0.03512100000   3   1.3525274  23.3848663 14.39994000     38.7697651     20.5334906   0.1312E+12 -20.81861000 -19.29824000   0.2033E+11      0.0932880     39.8804235   0 0.333 0.333
     350    158.5148076     59.4025801 0.04501000000   3   0.2988460  19.7007929 13.90689000    481.8214951      5.8008866   0.5063E+13 -21.90502000 -19.58886000   0.5032E+11      0.0018793      9.9841602   0 1.000 1.000
     353    158.6582284     10.2867137 0.03399700000   3   5.1075294  25.8908592 14.43022000     47.0803610     75.0784261   0.4326E+12 -20.73377000 -20.53129000   0.2701E+11      0.1766622     91.7115932   0 0.667 0.667
     365    159.7636036      4.6304488 0.06990600000   7   5.7146031  26.0525594 13.99952000    264.8890715    171.2505811   0.2619E+14 -22.79610000 -20.40917000   0.1331E+12      0.0607922    177.5632073   0 1.000 0.714
     367    159.9842756     11.2065285 0.05507100000   3   1.5441795  23.9583328 14.71690000    225.6421155     36.5858697   0.7792E+13 -21.48635000 -19.99749000   0.3900E+11      0.0281266     69.9806233   0 1.000 0.667
     368    160.0153538     39.1107522 0.03170900000   3   1.8333823  23.2297584 13.50903000    736.0701959     25.1495023   0.5223E+14 -21.45809000 -19.46488000   0.3506E+11      0.0045055     36.5681736   0 0.333 0.333
     370    160.3617454     31.6791790 0.03596800000   3   2.9097200  25.0077806 14.66687000    128.1450070     45.2305225   0.2447E+13 -20.59364000 -19.95367000   0.2215E+11      0.0499034     70.5135571   0 0.333 0.667
     374    160.7910928     40.7855573 0.03112500000   5  12.6167151  27.1154000 13.29595000    267.7191394    169.9058414   0.3118E+14 -21.63796000 -19.72866000   0.4309E+11      0.0582973    172.0951617   0 0.400 0.800
     376    160.9061941     58.0877103 0.07216500000   3   2.3047408  24.9203559 14.69380000    160.9817312     71.2591312   0.7517E+13 -22.17895000 -19.86344000   0.6584E+11      0.0681432    120.9593861   0 1.000 0.667
     383    161.5405423     25.9034037 0.02182700000   7  15.8868043  26.9042199 13.33034000    138.9913163    150.3465852   0.6871E+13 -20.80101000 -20.55877000   0.4055E+11      0.0972928    149.1107975   0 0.714 0.429
     384    161.6083791      7.5949128 0.05894100000   3   1.6966364  23.9811364 14.42324000     78.6588901     42.9826885   0.1028E+13 -21.97501000 -19.97776000   0.5474E+11      0.0869516     75.4164898   0 0.667 0.667
     385    161.9483250     30.6313442 0.03549800000   3   2.4442137  24.0351477 14.23980000    224.1756674     37.5020315   0.7587E+13 -21.01723000 -20.79298000   0.3706E+11      0.0265757     65.6922883   0 1.000 1.000
     386    162.0364992     12.5574695 0.00418300000   3   9.7865783  22.6089233  9.69643000    533.6786591     17.7895756   0.1694E+14 -20.79859000 -19.83372000   0.2305E+11      0.0046436     27.3261430   0 0.667 0.667
     389    162.2648872      2.8809831 0.06832300000   3   0.7273799  22.4054157 14.74075000    223.5140302     21.3121363   0.4470E+13 -22.04031000 -20.05897000   0.6056E+11      0.0165890     40.8851009   0 1.000 0.667
     393    162.4966538      0.3378423 0.04088600000   7   7.1825276  25.8338339 13.45527000    398.3166902    126.7693601   0.4383E+14 -22.06209000 -20.63667000   0.7895E+11      0.0296155    130.0735582   0 0.857 0.571
     394    162.6082357      8.7532950 0.02207500000   3   2.3796354  24.2022259 14.27994000    577.7393517     22.7745470   0.1788E+14 -20.01630000 -19.14817000   0.1163E+11      0.0035809     22.8122343   0 1.000 0.333
     395    162.6946705     65.7351696 0.01118900000   5  14.9140765  26.7078050 12.79802000     88.2202584     72.5042974   0.1138E+13 -19.95180000 -19.29431000   0.1146E+11      0.0715691     69.6201139   0 0.800 0.600
     400    162.9304344     51.0101828 0.02564200000   4   3.3030795  23.6400565 13.14103000    681.6623286     36.6915085   0.4164E+14 -21.35425000 -20.59935000   0.4909E+11      0.0054467     40.9394450   0 0.750 0.750
     401    163.1076411     30.0763773 0.03558200000   4   5.2043459  25.3091611 14.07826000     54.4406438     80.0386447   0.4639E+12 -21.17941000 -21.11281000   0.5297E+11      0.1432452     85.9892097   0 1.000 0.500
     405    163.4479411     26.9179177 0.02212400000   3   4.1159730  25.2056727 14.23942000    162.2486035     39.4793684   0.4452E+13 -19.94867000 -19.60040000   0.1359E+11      0.0431402     77.1797729   0 0.667 0.667
     406    163.7445310     47.5498436 0.02244100000   7  14.4455970  27.4695289 13.53210000    149.3198370    140.5342359   0.8755E+13 -20.69869000 -19.30038000   0.2151E+11      0.0979192    161.2226230   0 0.714 0.857
     410    164.0569394      9.7270649 0.03419500000   4   4.9431595  25.2865952 13.44698000    177.2781210     73.0820584   0.6155E+13 -21.69707000 -19.46090000   0.4391E+11      0.0458158     89.5594605   0 0.750 0.750
     412    164.2654435     18.2203128 0.03105100000   3   2.1610183  24.3177593 14.30420000    285.1634234     29.0331133   0.9436E+13 -20.63216000 -19.07840000   0.1704E+11      0.0159904     50.2798049   0 0.000 0.333
     414    164.3798275     45.6255960 0.04382700000   3   2.3413633  24.4155724 14.33301000    140.1868023     44.2660193   0.2696E+13 -21.35915000 -19.85874000   0.3695E+11      0.0385410     59.5759027   0 0.667 0.667
     416    164.3749406     40.8789535 0.02591500000   9  22.8926365  27.6714784 12.69341000    275.8207858    256.9902136   0.3504E+14 -21.82948000 -20.19010000   0.5907E+11      0.0729269    221.7970259   0 0.667 0.444
     417    164.4824843     23.8545626 0.04502400000   3   1.3243427  23.2764048 14.46335000     83.9866957     25.7146691   0.7212E+12 -21.29220000 -20.29029000   0.3562E+11      0.0503866     46.6623299   0 0.667 0.667
     419    164.5484105      8.2598755 0.03594000000   4   5.2418970  25.4588959 13.45860000    354.4371070     81.4204701   0.2687E+14 -21.80288000 -19.32285000   0.4652E+11      0.0245511     95.9512778   0 0.750 0.500
     423    164.6367145      1.3975406 0.04194400000   4   3.5398203  24.7883139 14.06492000    490.1156080     64.0773880   0.5160E+14 -21.55212000 -20.47895000   0.5441E+11      0.0175688     94.9468978   0 1.000 1.000
     426    164.9845906     50.0359133 0.02516200000   3   2.6963671  23.4917735 13.45724000    467.9206079     29.3944702   0.2068E+14 -20.92027000 -20.91619000   0.3637E+11      0.0084747     43.7257404   0 1.000 0.667
     428    165.2410596     12.2484237 0.03567100000   3   2.3254080  24.2967947 14.62027000    515.9077372     35.8515995   0.4051E+14 -20.61655000 -20.55528000   0.2785E+11      0.0122212     69.5228965   0 1.000 1.000
     430    165.5441976     37.9680538 0.02950500000   4   4.2759488  25.4336180 14.36678000     63.2101110     54.6062037   0.6961E+12 -20.43871000 -19.98970000   0.2121E+11      0.1089092     75.9087616   0 0.500 0.750
     432    165.8603646     45.1989411 0.02197100000   4   4.7845755  25.6528914 13.94279000    199.1345519     45.5765825   0.6002E+13 -20.13189000 -18.64603000   0.1125E+11      0.0271936     59.7109292   0 0.500 0.250
     433    166.0253979     45.2823995 0.02221000000   3   2.4705924  23.8537072 13.57353000     76.9082634     23.7889593   0.5374E+12 -20.63307000 -19.11257000   0.1717E+11      0.0400239     33.9416944   0 1.000 1.000
     439    166.5625135      9.0621237 0.07523700000   3   0.8238433  22.4084379 14.66145000    270.1605309     26.5363774   0.5910E+13 -22.35254000 -20.91056000   0.9546E+11      0.0126841     37.7852641   0 1.000 1.000
     442    166.6619456     13.2926192 0.04702000000   3   4.4301100  26.2598000 14.55392000    167.2163051     89.7898623   0.5515E+13 -21.33298000 -18.61892000   0.2851E+11      0.0487661     89.9161720   0 1.000 0.667
     445    166.7047863     14.2249978 0.04645700000   4   2.7618164  24.2640274 14.02735000    641.2740005     55.3139104   0.7296E+14 -21.80976000 -20.47398000   0.6652E+11      0.0111526     78.8606245   0 0.500 0.500
     449    166.9954760     55.8827781 0.05103900000   3   1.5986020  23.8493802 14.37517000    376.3435245     35.1362586   0.1281E+14 -21.69110000 -19.18220000   0.4031E+11      0.0109958     45.6303615   0 1.000 0.333
     455    167.1741174     29.2381686 0.07876200000   3   1.8526867  24.3860297 14.60840000    199.2004936     62.4179026   0.7372E+13 -22.48653000 -20.15952000   0.8490E+11      0.0369035     81.0585112   0 0.333 0.333
     461    167.7430429     25.8817599 0.04112100000   4   3.4790851  25.2580881 14.22774000    203.5630024     61.7542559   0.9809E+13 -21.37124000 -19.16699000   0.3372E+11      0.0412088     92.4974121   0 0.750 0.250
     462    167.7428689     13.6786911 0.07089100000   3   1.5858746  23.7390925 14.36756000    407.2517393     48.1822438   0.3201E+14 -22.43421000 -20.43765000   0.8753E+11      0.0196139     88.0781886   0 1.000 0.667
     464    167.7905629     39.5921356 0.07905300000   3   1.1874941  22.8161868 14.35353000    607.8405861     40.1522209   0.4215E+14 -22.73952000 -21.98212000   0.1445E+12      0.0084263     56.4767290   0 1.000 1.000
     465    167.8181030      3.9425465 0.05378200000   4   3.5090435  25.2289224 14.32668000    368.2838763     81.2181282   0.2700E+14 -21.85539000 -20.58045000   0.6029E+11      0.0247848    100.6489131   0 1.000 1.000
     469    167.9761990     39.8927834 0.07596700000   3   2.1940801  24.6623609 14.59636000    133.5552461     71.3453410   0.5283E+13 -22.41456000 -20.37495000   0.8551E+11      0.0920351    135.5361227   0 1.000 0.667
     470    168.0278790     35.4731935 0.02539900000   5   5.4473511  24.9712230 12.98547000    423.5947124     59.9405149   0.2275E+14 -21.52584000 -19.57155000   0.3917E+11      0.0137329     64.1434752   0 1.000 1.000
     471    168.0180472      3.0939029 0.03102400000   3   6.0609354  25.2365621 13.09061000     97.9157838     81.3579192   0.3255E+13 -21.82929000 -20.22951000   0.5645E+11      0.1438348    155.2949805   0 1.000 1.000
     474    168.1391908     23.2808399 0.02373300000   7   8.3654741  26.0205318 13.64343000    381.2645598     86.0445427   0.2487E+14 -20.64830000 -20.01787000   0.2956E+11      0.0161758     68.0038344   0 0.714 0.286
     478    168.4601104     39.4104490 0.07629000000   3   0.9259474  22.7818663 14.59943000    561.9923886     30.2348277   0.2560E+14 -22.41458000 -20.66700000   0.8706E+11      0.0056813     35.2060862   0 0.667 1.000
     483    168.7858244     36.5623553 0.02585600000   3   2.7374962  25.0999966 14.57817000    131.1841991     30.6611646   0.1834E+13 -19.92217000 -18.31840000   0.8879E+10      0.0335386     48.5139916   0 0.333 0.333
     485    168.9204031     55.9714809 0.03360700000   3   5.7810250  25.6513321 13.70230000    107.1092856     84.0112770   0.3150E+13 -21.37854000 -20.61361000   0.4079E+11      0.1064309    125.7001459   0 0.333 0.333
     486    169.0663213     29.4162140 0.03013100000   3   3.8575494  24.6878737 13.70724000    363.9958576     50.3009933   0.2729E+14 -21.16538000 -20.26147000   0.3506E+11      0.0223189     89.5797321   0 0.333 1.000
     487    169.0857319     55.6661779 0.03369800000   3   4.9365959  24.9457915 13.10700000    339.7105219     71.9325442   0.3494E+14 -22.00488000 -20.31638000   0.5856E+11      0.0369301    138.3344507   0 0.333 0.000
     488    169.1894124     54.7268674 0.04229400000   3   2.9622191  24.5799832 14.07724000    344.0968505     54.0646855   0.1725E+14 -21.49331000 -20.49617000   0.4659E+11      0.0163058     61.8677793   0 0.333 0.333
     489    169.2698659     35.2634902 0.02806100000   3   3.6931948  25.1278078 14.49801000    583.9088466     44.8706578   0.6671E+14 -20.06884000 -20.05250000   0.1789E+11      0.0138689     89.2949831   0 0.667 0.333
     490    169.2890911     27.3495608 0.06700100000   3   2.3067040  24.8459864 14.70558000    250.4784539     66.2997610   0.1766E+14 -21.99220000 -20.38720000   0.6015E+11      0.0465375    128.5329768   0 1.000 1.000
     497    169.9659811     57.9375212 0.00699100000  12  50.7785299  27.4243390 10.74468000    299.4725240    154.3130198   0.2418E+14 -20.95980000 -19.45385000   0.2429E+11      0.0395756    130.6849120   0 0.917 0.250
     501    170.1991001      0.4649291 0.02539900000   3   0.9122366  21.6070855 13.85636000    335.3046696     10.0378920   0.3106E+13 -20.61670000 -20.02237000   0.2330E+11      0.0037540     13.8794935   0 0.333 1.000
     504    170.6561281     59.3120242 0.05079200000   3   0.6382649  22.1623542 14.66935000    282.1936490     13.9616006   0.3395E+13 -21.43845000 -18.69638000   0.3148E+11      0.0064793     20.1611884   0 0.333 0.667
     506    170.7781428     56.1914165 0.06744100000   4   2.2380810  24.2747655 14.75235000    146.8276021     64.7428506   0.3686E+13 -21.98810000 -21.18911000   0.9785E+11      0.0492116     79.6739516   0 1.000 0.500
     510    171.0490415      0.9865489 0.07503400000   4   3.7763659  25.8276015 14.59269000    303.3808199    121.3163833   0.3907E+14 -22.40761000 -20.43856000   0.8571E+11      0.0560591    187.5319581   0 0.500 0.750
     515    171.3403825     22.3721844 0.06279000000   3   3.9603707  26.0125404 14.66927000    250.9188223    106.7847038   0.2885E+14 -21.87491000 -20.13226000   0.5220E+11      0.0756226    209.2307346   0 1.000 1.000
     519    171.6149130     54.7888231 0.04743900000   3   0.5409271  21.6178499 14.73172000    172.5506187     11.0601541   0.1241E+13 -21.20623000 -19.84417000   0.3196E+11      0.0081172     15.4440610   0 0.333 0.000
     521    172.0075257     27.3665671 0.03349000000   3   3.7424740  25.4219099 14.31883000    146.0938116     54.1986783   0.4427E+13 -20.74281000 -19.48685000   0.2089E+11      0.0487722     78.5679222   0 0.333 0.333
     523    172.2357350     20.7396085 0.02193700000   3   1.5355124  22.7952921 13.68328000     56.9832246     14.6043507   0.1938E+12 -20.48678000 -19.49438000   0.1701E+11      0.0392532     24.6639323   0 0.333 0.333
     524    172.2527796     22.9816253 0.03322700000   3   2.6896858  25.2429899 14.72673000    456.6901315     38.6486055   0.2063E+14 -20.35360000 -18.43678000   0.1291E+11      0.0099318     50.0137676   0 1.000 0.667
     525    172.2803666      9.0881509 0.02210000000   3   3.3362919  24.5497562 13.53945000     98.2476870     31.9663158   0.1309E+13 -20.61343000 -18.48528000   0.1592E+11      0.0571538     61.9167300   0 0.333 0.333
     528    172.7600315     27.2400879 0.05432200000   3   2.4747539  24.9611492 14.70765000    695.4456776     57.8467105   0.7511E+14 -21.50175000 -20.19779000   0.4078E+11      0.0099160     76.0394083   0 0.667 0.667
     532    172.9002696     67.2378660 0.05445800000   3   0.9137180  22.2768749 14.10150000    362.4469760     21.4106886   0.8999E+13 -22.11309000 -20.32910000   0.6452E+11      0.0081740     32.6679797   0 1.000 1.000
     534    173.0701713     28.0560939 0.02425800000   4   3.8801857  24.9448464 13.63828000    203.2858727     40.7884001   0.2520E+13 -20.73250000 -18.62919000   0.1833E+11      0.0191831     42.9999092   0 1.000 0.250
     542    173.5225128     25.5672288 0.07152600000   4   1.7548993  23.8826349 14.46276000    540.5082154     53.7868135   0.4852E+14 -22.39040000 -21.40710000   0.9965E+11      0.0122185     72.8218391   0 0.500 0.750
     545    173.6576324     48.9535560 0.03093600000   3   2.8798277  24.2859686 13.96658000    738.2416672     38.5479977   0.6442E+14 -21.04960000 -20.36903000   0.3171E+11      0.0066961     54.5081714   0 0.667 1.000
     546    173.6794746     49.0722081 0.03332400000   5   2.2358318  23.0245159 13.01188000    309.2708294     32.2201539   0.7944E+13 -22.12385000 -20.09570000   0.7008E+11      0.0110742     37.7652014   0 0.800 0.400
     547    173.6768195     22.4792417 0.06774900000   5   6.1163427  26.4914445 14.34121000    589.5703724    177.7274147   0.1119E+15 -22.36907000 -20.53438000   0.9484E+11      0.0253290    164.6626835   0 1.000 0.600
     549    173.9080149     54.9334955 0.01969800000   3   1.8613850  22.3695641 12.71893000    393.4029154     15.9045055   0.1004E+14 -21.20961000 -19.35678000   0.2894E+11      0.0068242     29.6027142   0 1.000 0.667
     552    174.1226422     49.0629075 0.03396000000   3   2.3618901  24.2953691 13.93853000    683.1999678     34.6812460   0.6934E+14 -21.12685000 -18.37604000   0.2362E+11      0.0089995     67.7960925   0 1.000 1.000
     553    174.2205667     19.9883482 0.02224400000   3   2.1043801  23.1852854 13.96290000    292.8535990     20.2936227   0.5208E+13 -20.17741000 -20.15423000   0.2300E+11      0.0088677     28.6353142   0 0.333 0.000
     557    174.4933478     47.4749333 0.03441600000   3   1.6043459  23.1199375 14.04527000     92.7398293     23.8714958   0.5345E+12 -21.13296000 -20.54493000   0.3478E+11      0.0311561     31.8603573   0 0.667 0.667
     558    174.6104035     20.5254870 0.02680600000   3   1.6603070  22.6175152 13.25051000    386.2312030     19.2752978   0.1208E+14 -21.34431000 -19.87899000   0.3451E+11      0.0086943     37.0272641   0 0.667 0.000
     562    174.8638200     26.3143208 0.02396100000   3   3.2132153  24.5834075 13.77020000      9.7618589     33.3658841   0.8448E+10 -20.57772000 -19.26331000   0.1708E+11      0.4190629     45.1078880   0 1.000 0.333
     564    175.5224419     10.3676937 0.02191300000   3   2.0006660  23.0353786 13.34490000    208.4373814     19.0077373   0.2141E+13 -20.79643000 -19.84651000   0.2246E+11      0.0108624     24.9656761   0 0.667 0.333
     565    175.6025748      8.7768264 0.02278700000   3   1.7801666  22.8947592 13.74591000    289.1462619     17.5840352   0.6052E+13 -20.50545000 -20.38807000   0.2264E+11      0.0103984     33.1529980   0 0.667 0.667
     567    175.6258395     58.5985106 0.06520200000   3   2.2927573  24.8489323 14.74572000     51.1282785     64.1575388   0.6717E+12 -21.89541000 -20.08280000   0.5611E+11      0.1892501    106.6935434   0 1.000 0.667
     569    175.7727817     59.5635879 0.06499700000   4   1.7245699  23.8609879 14.54012000    290.7504556     48.1087799   0.1341E+14 -22.10038000 -20.77273000   0.7873E+11      0.0213178     68.3444169   0 1.000 0.750
     570    175.8115132     21.7059484 0.06912000000   3   1.0855769  23.1709304 14.61523000    139.2713569     32.1720568   0.1619E+13 -22.15504000 -20.24708000   0.6641E+11      0.0279168     42.8714387   0 1.000 1.000
     578    176.4242827     64.5066783 0.06355900000   4   1.1755906  22.5573326 14.42286000    384.2045165     32.0800404   0.1504E+14 -22.17202000 -21.74210000   0.1153E+12      0.0111074     47.0558919   0 1.000 0.750
     579    176.4098954     -2.0271962 0.08096600000   3   1.9482352  24.4238539 14.74950000    243.5019788     67.4371898   0.1331E+14 -22.37701000 -21.09443000   0.9452E+11      0.0381505    102.4339653   0 1.000 1.000
     580    176.5175618     20.4465046 0.02485500000   3   2.2433107  23.9582664 14.23019000    164.8539352     24.1587506   0.2851E+13 -20.26760000 -19.48821000   0.1644E+11      0.0263415     47.8829484   0 0.667 0.333
     591    177.6460196     50.5541521 0.02365400000   3   3.0231781  24.0332717 13.27557000    267.6050931     30.9924425   0.7761E+13 -21.04850000 -19.31456000   0.2467E+11      0.0149316     44.0596559   0 1.000 1.000
     595    177.9188189      8.7554046 0.03639700000   3   2.7263959  24.3510096 13.83331000    350.1947584     42.8820028   0.2231E+14 -21.45478000 -19.40425000   0.3603E+11      0.0215219     83.1057888   0 1.000 0.333
     598    178.4009810     23.1107922 0.02826200000   4   7.2619318  26.1287169 13.79371000    157.2946164     88.8571351   0.8430E+13 -20.89616000 -20.33196000   0.2897E+11      0.0742911    128.8520518   0 1.000 0.500
     607    179.4007179     32.3093574 0.01187800000   3   3.8191386  23.5016163 12.64070000    174.6483337     19.7076839   0.2547E+13 -20.02287000 -19.57403000   0.1466E+11      0.0197956     38.1217660   0 0.333 0.667
     614    179.9720714     31.8012797 0.02707000000   4   9.1210756  26.9044331 14.06869000     99.6940807    106.9274581   0.2832E+13 -20.52142000 -19.59178000   0.2051E+11      0.1260495    138.5642410   0 0.750 0.500
     618    180.2884421     56.3780762 0.06530700000   3   1.5644575  23.8858134 14.74615000    723.5706778     43.8471136   0.7466E+14 -21.90656000 -20.97041000   0.6426E+11      0.0081073     64.6843586   0 1.000 1.000
     622    180.6080414     12.3082798 0.04166100000   3   3.5475839  25.0031391 13.82504000    324.9809614     63.7888996   0.2740E+14 -21.77020000 -19.31023000   0.4467E+11      0.0295825    106.0069031   0 0.667 0.667
     630    181.2686479      6.3056165 0.03892000000   3   3.6842126  24.9969658 13.86935000    120.7541951     61.9271368   0.3569E+13 -21.54943000 -20.20653000   0.4134E+11      0.0718867     95.7175839   0 1.000 0.667
     633    181.2998500     10.6008677 0.03459200000   3   4.7451267  25.4027968 13.66595000     13.1481393     70.9621780   0.3274E+11 -21.50249000 -19.60298000   0.3726E+11      0.6590564     95.5493196   0 0.667 0.667
     634    181.3294255      1.6051364 0.02057400000   5  11.4153991  27.1272630 13.95603000    383.1747597    101.8569047   0.3883E+14 -20.04838000 -19.88172000   0.1578E+11      0.0279648    118.1544399   0 1.000 0.800
     635    181.4507042     31.0637579 0.02428300000   3   2.1589631  23.9806084 14.46488000    437.7477866     22.7182188   0.1111E+14 -19.90780000 -19.69842000   0.1380E+11      0.0054884     26.4916143   0 0.333 0.667
     636    181.5025041     40.1446906 0.03807600000   4   2.8537556  24.1363748 13.52705000    169.1856274     46.9372578   0.3959E+13 -21.86786000 -19.90561000   0.5304E+11      0.0329187     61.4111515   0 0.750 0.500
     646    182.5020514     47.1135912 0.03214700000   4   7.6682658  26.6054103 14.13779000    288.2199855    106.6320202   0.2215E+14 -20.93490000 -20.02217000   0.2849E+11      0.0417091    132.5547193   0 0.500 0.250
     652    182.7370181     30.8684468 0.07522500000   4   1.5728410  23.8539991 14.71882000    355.3983686     50.6540136   0.2108E+14 -22.25141000 -20.67034000   0.8983E+11      0.0188143     73.7301341   0 1.000 1.000
     653    183.1030827     29.1711411 0.01408300000   3   2.7864914  22.3107645 11.98267000    157.4696312     17.0415432   0.1754E+13 -21.11555000 -19.96691000   0.3395E+11      0.0179178     31.1115917   0 1.000 0.333
     655    183.1843871     10.0260251 0.03347900000   3   2.9247984  25.2242122 14.71006000    291.5606950     42.3432558   0.1444E+14 -20.39233000 -19.39131000   0.1559E+11      0.0212166     68.2097407   0 0.333 0.333
     662    183.3304019     50.7513194 0.03124900000   4   3.3691901  23.5635333 12.55525000    346.1186146     45.5513781   0.2274E+14 -22.40377000 -20.17446000   0.8275E+11      0.0227384     86.7813695   0 0.750 0.500
     663    183.5259603     13.5776437 0.04398400000   3   1.2806899  23.0633880 14.16397000    219.3120923     24.2986671   0.4880E+13 -21.56355000 -19.78243000   0.3894E+11      0.0191511     46.3123355   0 0.667 0.333
     665    183.6089658     34.5833669 0.03326800000   3   6.0195006  25.7460459 13.88997000     64.6126597     86.6012674   0.1432E+13 -21.18293000 -20.46880000   0.4020E+11      0.1914950    136.4318746   0 1.000 1.000
     667    183.8168749     59.9772829 0.06059800000   4   1.5597385  23.8209857 14.55479000    196.4179651     40.6091047   0.4475E+13 -21.92769000 -20.01220000   0.5780E+11      0.0234161     50.7149680   0 1.000 0.750
     678    184.6642586     48.8667157 0.04545400000   3   1.5354809  23.2491806 13.99387000    222.8589010     30.0959997   0.3875E+13 -21.82077000 -20.18315000   0.5139E+11      0.0143296     35.2131920   0 0.667 0.667
     679    184.7249375      5.2447217 0.07642900000   4   0.8167754  22.0802740 14.14315000    478.3299267     26.7177347   0.2037E+14 -22.87265000 -20.59249000   0.1286E+12      0.0074099     39.0823816   0 1.000 0.750
     682    184.9865204     56.1407053 0.03444300000   4   2.9743553  24.6503329 14.12958000    146.1450041     44.2906830   0.3298E+13 -21.03208000 -20.02029000   0.2916E+11      0.0437094     70.4368568   0 0.750 0.250
     689    185.4988342     10.5830714 0.02719600000   3   7.1030652  26.3187810 13.71639000    224.2190534     83.6552747   0.1107E+14 -20.94424000 -19.25599000   0.2208E+11      0.0406356    100.4661471   0 0.667 0.333
     695    186.0183372     58.3706511 0.01551400000   3   2.1704841  22.7943202 13.02114000     43.8177308     14.6189681   0.1149E+12 -20.33874000 -19.58838000   0.1637E+11      0.0542644     26.2183657   0 1.000 1.000
     696    186.0667203     20.2839022 0.06566500000   3   0.7021907  21.7228132 14.66066000    240.8489224     19.7864844   0.4836E+13 -22.00560000 -21.53512000   0.9635E+11      0.0143416     38.0876368   0 1.000 1.000
     697    186.1223325     66.5732558 0.08663500000   3   1.5719448  23.6241324 14.34055000    422.5474876     58.1406468   0.3440E+14 -22.96527000 -21.29250000   0.1501E+12      0.0171828     80.0592362   0 1.000 1.000
     699    186.2347125      2.7822031 0.02713000000   3   2.2681447  24.8496319 14.74357000     84.8565858     26.6482907   0.4937E+12 -19.88564000 -18.00565000   0.8636E+10      0.0357589     33.4588116   0 1.000 1.000
     704    186.6439247      9.0173946 0.02620600000   4   3.0977246  23.1075096 13.01141000    207.2812442     35.1627718   0.4549E+13 -21.55531000 -21.37851000   0.7430E+11      0.0200770     45.8880086   0 0.750 0.250
     709    187.0759554     50.3361635 0.04063400000   3   2.9458543  25.1473018 14.56369000    358.7938715     51.6760140   0.2868E+14 -21.02692000 -19.82906000   0.2616E+11      0.0257017    101.6830065   0 1.000 0.667
     713    187.7476706     51.3353876 0.04465900000   5   2.8695603  24.4266225 14.30529000    346.3864658     55.2711539   0.1595E+14 -21.45951000 -20.95603000   0.5732E+11      0.0153212     58.5187428   0 0.600 0.400
     714    188.5936781     65.4909574 0.06444900000   3   1.7379827  24.2072463 14.54126000     99.5145594     48.0805672   0.1491E+13 -22.07351000 -19.45369000   0.5704E+11      0.0643023     70.5592725   0 0.333 0.667
     715    188.7791215     50.8734247 0.04054900000  10  11.5133137  26.8268924 13.52997000    275.5887942    201.5476153   0.2420E+14 -21.98322000 -20.91226000   0.8201E+11      0.0497907    151.3039655   0 0.700 0.400
     716    188.8340598     47.3010516 0.03166200000   3   1.0881662  22.9213862 14.44158000    151.6559019     14.9050014   0.1340E+13 -20.53481000 -19.01274000   0.1612E+11      0.0158981     26.5854889   0 1.000 0.333
     730    190.3466225     12.1756245 0.07422600000   3   1.3146556  23.4811310 14.44373000    250.8884520     41.7869885   0.6478E+13 -22.50835000 -20.13077000   0.8674E+11      0.0169809     46.9766466   0 1.000 0.333
     733    190.8956901     41.0034791 0.02467900000   3   5.2642190  25.2409820 13.22272000    361.4490971     56.2924263   0.1942E+14 -21.18756000 -19.22530000   0.2662E+11      0.0188873     75.2760328   0 0.667 0.667
     736    191.3145736      1.8144710 0.04896200000   8   3.6823985  24.6464823 13.58833000    331.7436363     77.6817139   0.1673E+14 -22.36289000 -20.13153000   0.9290E+11      0.0201698     73.7811821   0 0.875 0.750
     741    191.7081413      0.3125019 0.09029000000   4   2.2105088  24.5120979 14.39919000    702.5932895     85.1312717   0.1070E+15 -23.01627000 -20.50753000   0.1449E+12      0.0128536     99.5794642   0 1.000 1.000
     745    192.7099399      9.0818150 0.08135700000   3   2.4096278  25.0308601 14.72420000    426.3741363     83.8028430   0.5039E+14 -22.43507000 -20.25814000   0.8438E+11      0.0267264    125.6525380   0 1.000 1.000
     746    192.9778535      4.5614999 0.06421400000   5   4.4926250  25.3828174 14.04235000    305.9082924    123.8405516   0.3500E+14 -22.60583000 -21.79508000   0.1307E+12      0.0496627    167.5182270   0 0.800 0.400
     747    193.1388299     10.7515656 0.00440500000   6  72.8009185  27.6126276 10.42703000    333.2365658    139.3718815   0.3761E+14 -20.64563000 -19.85132000   0.2159E+11      0.0424376    155.9351843   0 1.000 0.167
     750    193.5588774     27.0515540 0.02861400000   4   5.3386877  24.2741586 12.28704000    513.5847086     66.1325711   0.5184E+14 -22.45529000 -20.46988000   0.8780E+11      0.0153375     86.8577788   0 1.000 1.000
     753    193.6278107     53.1022354 0.05443100000   4   2.5849889  24.2698687 13.78095000    259.2481733     60.5430941   0.9745E+13 -22.44888000 -19.82985000   0.8365E+11      0.0227207     64.9499726   0 1.000 0.750
     756    193.9576870     48.4755970 0.02924600000   3   4.8339691  25.6633051 13.97970000    112.4631229     61.1941671   0.2933E+13 -20.80498000 -19.55062000   0.2155E+11      0.0854221    105.9305662   0 0.333 0.333
     764    194.7142144     37.4190467 0.03462200000   3   3.1897299  25.1988747 14.60507000    198.1917682     47.7426390   0.5782E+13 -20.62995000 -19.67501000   0.2113E+11      0.0293923     64.2332304   0 1.000 1.000
     770    194.8279820     30.0345900 0.08475900000   3   1.2846801  23.3838926 14.51101000    416.5797378     46.5083760   0.2327E+14 -22.79371000 -21.16612000   0.1232E+12      0.0141830     65.1490307   0 1.000 1.000
     774    195.0350909      8.6982928 0.04732700000   3   0.9177778  21.7996556 13.74804000    134.8373036     18.7216884   0.9864E+12 -22.17028000 -20.65209000   0.7584E+11      0.0177410     26.3771502   0 0.333 0.333
     780    195.6747070     62.4887400 0.07636600000   5   5.8886722  26.1972821 14.39464000    430.1593828    192.4699861   0.7244E+14 -22.60775000 -21.70406000   0.1520E+12      0.0362684    172.0279943   0 1.000 0.800
     782    195.8351701     47.4159303 0.02514500000   5   5.4139071  25.6424805 13.58860000    181.3797630     58.9801171   0.6162E+13 -20.86722000 -18.31667000   0.1998E+11      0.0421023     84.2045829   0 0.600 0.200
     784    196.0179185     38.1901068 0.05239600000   3   2.5136294  25.0727968 14.65749000    384.0011606     56.6984404   0.2874E+14 -21.46381000 -19.25834000   0.3391E+11      0.0216338     91.6020516   0 1.000 1.000
     785    196.0440999      7.9055894 0.04561400000   4   8.0047095  26.2831920 13.49926000    528.5844806    157.4416042   0.1003E+15 -22.38782000 -21.02333000   0.8911E+11      0.0281502    164.0725941   0 0.750 0.750
     787    196.1307174      7.9236017 0.04956000000   3   1.8784642  24.4377599 14.59172000    372.1003699     40.1052309   0.2390E+14 -21.40382000 -18.68364000   0.3045E+11      0.0192031     78.7901182   0 0.667 0.667
     792    197.0495082     33.9567909 0.03516100000   4   6.8848811  26.6751564 14.14528000    371.5352927    104.6414073   0.3341E+14 -20.98389000 -19.34595000   0.2381E+11      0.0249169    102.0785850   0 0.750 0.750
     794    197.1069044     15.7070369 0.08408200000   4   1.7435726  24.0024189 14.67602000    394.6500559     62.6275558   0.3167E+14 -22.59912000 -21.11015000   0.1250E+12      0.0216860     94.3696674   0 1.000 0.750
     797    197.2249549     -0.7784594 0.01901700000   4   5.0499509  24.4521903 13.03404000    323.8648964     41.6633282   0.1390E+14 -20.80005000 -20.18133000   0.2943E+11      0.0161580     57.7023532   0 1.000 0.750
     799    197.3529173     51.4837727 0.05638300000   3   3.3351197  24.8939878 14.22348000     85.9716071     80.8751138   0.2522E+13 -22.07082000 -20.97092000   0.8257E+11      0.1643043    155.7559518   0 0.333 0.333
     802    197.7046192     56.6309673 0.08141300000   5   2.3044674  24.3739689 14.47501000    496.6894951     80.1995904   0.5028E+14 -22.69109000 -21.37562000   0.1416E+12      0.0175957     96.3678654   0 0.800 0.600
     804    197.8461586     47.5386321 0.02959700000   3   1.9751170  23.9813447 14.25112000     53.0177406     25.3014420   0.2586E+12 -20.57529000 -19.41205000   0.1734E+11      0.0713754     41.7263732   0 0.333 0.333
     806    197.9009759     47.3054219 0.02914200000   3   4.0367102  25.9992623 14.73172000    191.9702101     50.9209973   0.8025E+13 -20.06390000 -18.80009000   0.1106E+11      0.0469515     99.3856764   0 1.000 0.667
     813    198.8232532     13.0906587 0.02597500000   3   1.4004273  23.3265646 14.23078000     37.1210956     15.7571695   0.7467E+11 -20.30365000 -18.42312000   0.1222E+11      0.0611194     25.0173117   0 1.000 1.000
     817    199.1374880     52.9367423 0.03320900000   4   3.0966456  24.4045379 13.64502000    221.2844743     44.4723703   0.4866E+13 -21.43271000 -19.80553000   0.3650E+11      0.0193773     47.2808632   0 1.000 0.750
     819    199.3772940     20.6102631 0.02331200000   3   1.2211560  22.0094649 13.48930000    280.5645032     12.3387458   0.3022E+13 -20.79079000 -19.98346000   0.2492E+11      0.0059911     18.5344750   0 0.667 0.333
     820    199.3927859     41.2774475 0.06718300000   5   2.5647832  24.6863914 14.59038000    429.2611220     73.9144631   0.3772E+14 -22.12977000 -20.95322000   0.8788E+11      0.0202205     95.7095411   0 0.600 0.600
     821    199.6106047     60.4348872 0.06385500000   3   3.5962286  25.6250681 14.73929000    251.8516221     98.5854263   0.1841E+14 -21.84439000 -20.65724000   0.6425E+11      0.0511422    142.0250837   0 1.000 1.000
     824    199.7448197     30.7990078 0.03194800000   3   2.2023091  23.9488231 14.12482000    221.5703357     30.4362867   0.5444E+13 -20.87557000 -20.20579000   0.2625E+11      0.0209987     51.3033130   0 1.000 0.667
     825    199.9770534     42.6728611 0.07677500000   3   2.0124692  23.9211869 14.29594000    670.3121447     66.1228059   0.1295E+15 -22.64074000 -22.06689000   0.1377E+12      0.0177915    131.5012726   0 1.000 0.667
     834    201.1744507     32.5517404 0.04021100000   3   1.5724751  22.9076167 14.14049000    251.6845859     27.2998413   0.6753E+13 -21.37057000 -21.35511000   0.5643E+11      0.0148207     41.1307326   0 0.667 1.000
     837    201.8382114     -0.9969221 0.07473000000   3   1.4635547  23.7362305 14.57633000    332.4889156     46.8299499   0.1675E+14 -22.38874000 -20.44225000   0.8525E+11      0.0187733     68.8268425   0 1.000 1.000
     840    202.0363854     65.8546903 0.06675000000   5   4.7695323  26.1445702 14.59180000    160.3128149    136.5816187   0.8331E+13 -22.10579000 -20.90206000   0.7787E+11      0.0925089    163.5281803   0 0.400 0.400
     847    202.7930604     -1.7365409 0.08466500000   3   1.1610197  22.6498060 14.50391000     80.8563930     41.9859440   0.1096E+13 -22.78477000 -22.62065000   0.1947E+12      0.0786115     70.0876098   0 1.000 1.000
     848    202.8259763     -1.6290977 0.02258600000   5   8.4137287  26.2423679 13.59990000     98.7665054     82.3792658   0.1871E+13 -20.60817000 -19.76046000   0.2231E+11      0.0711645     77.5021975   0 1.000 0.400
     869    204.1891226     24.9977789 0.07552800000   5   2.9608743  24.7866720 14.23345000    320.4913660     95.7332211   0.2171E+14 -22.75129000 -21.26241000   0.1373E+12      0.0278821     98.5332999   0 1.000 0.600
     875    204.6559118     57.3084311 0.06936600000   4   0.9435382  22.3220503 14.39963000    400.1369169     28.0604434   0.1151E+14 -22.38827000 -21.29984000   0.1130E+12      0.0077583     34.2306792   0 0.750 0.750
     882    205.0796661     56.8054913 0.06781300000   3   0.3491745  20.7133271 14.59232000    583.4988485     10.1556651   0.1471E+14 -22.22553000 -20.12338000   0.6850E+11      0.0030666     19.7307960   0 1.000 0.333
     883    205.1342994      5.0763892 0.02400400000   5   8.0442340  26.4076615 13.78602000    123.4122384     83.6801071   0.3269E+13 -20.56945000 -19.46973000   0.1991E+11      0.0672769     91.5514290   0 0.800 0.400
     884    205.1491242      4.7873129 0.02391500000   5   4.5819515  25.2209351 13.59222000     46.9780882     47.4879253   0.3169E+12 -20.75663000 -18.87594000   0.1921E+11      0.1214259     62.8995397   0 0.200 0.400
     886    205.3079943     30.3807284 0.04094800000   3   1.2363942  22.6713043 13.86827000     84.6439942     21.8547319   0.5564E+12 -21.71344000 -20.11865000   0.4569E+11      0.0375271     35.0253424   0 0.000 0.667
     887    205.3089672     52.0944245 0.06014900000   3   1.6020965  23.4254594 14.32191000    408.7876051     41.4073625   0.2571E+14 -22.17177000 -21.54950000   0.8699E+11      0.0156042     70.3365409   0 0.667 0.333
     893    205.7591197     49.0724120 0.06329100000   3   1.3151879  23.3826626 14.36853000    148.2999917     35.7404394   0.2492E+13 -22.19136000 -19.85914000   0.6606E+11      0.0331956     54.2828538   0 1.000 0.333
     904    206.4349511     56.6412147 0.03535900000   4   3.3221545  24.3375899 13.32054000    113.7182744     50.7744943   0.1751E+13 -21.90102000 -19.45797000   0.5111E+11      0.0522315     65.4943446   0 0.500 0.500
     911    206.7549826      3.6449407 0.02429300000   3   4.0169304  25.4435276 14.24109000    240.0310956     42.2864519   0.1049E+14 -20.14036000 -18.79640000   0.1242E+11      0.0313982     83.1021669   0 0.333 0.333
     913    207.3007023      5.0717667 0.07847900000   3   3.0105233  25.0064312 14.68143000    286.9379124    101.0685388   0.3395E+14 -22.44043000 -21.92064000   0.1268E+12      0.0569926    180.3214274   0 0.000 0.667
     915    207.3180543     28.1161577 0.07601100000  11   8.6317815  26.4396537 13.51945000    672.4816402    280.8410177   0.2552E+15 -23.49479000 -20.78363000   0.2603E+12      0.0363154    269.2846237   0 1.000 0.545
     919    207.7212652      2.3351849 0.03395900000   3   1.4154794  23.3406431 14.25593000    378.7861586     20.7838436   0.1245E+14 -20.91405000 -19.24584000   0.2198E+11      0.0093739     39.1521506   0 0.667 0.333
     922    208.0053005     10.0957979 0.06565800000   4   3.1808128  25.2979908 14.75313000    253.8845378     89.6202432   0.1095E+14 -21.91799000 -20.94512000   0.7263E+11      0.0372776    104.3576760   0 0.750 0.750
     923    208.0410863     40.1577330 0.05753400000   3   2.3195831  24.7031367 14.39856000    753.0645076     57.3811841   0.1382E+15 -21.95388000 -19.23593000   0.5054E+11      0.0134091    111.3455531   0 0.667 1.000
     925    208.1024691     14.4946941 0.04197200000   5   6.5956642  26.0748237 13.87222000    262.8791060    119.4728250   0.1739E+14 -21.76704000 -20.51120000   0.5920E+11      0.0367738    106.5946232   0 0.800 0.800
     929    208.4171293     34.8250454 0.05600500000   3   3.0446278  24.9307786 14.05369000    418.8705207     73.3425586   0.5228E+14 -22.20592000 -19.70230000   0.6490E+11      0.0294530    136.0347223   0 0.667 1.000
     930    208.4315443     40.2900616 0.00856000000   5   6.6043544  22.8596704 10.78060000    177.3987805     24.5715058   0.2679E+13 -21.09089000 -20.84392000   0.4130E+11      0.0160611     31.4172275   0 0.800 0.600
     931    208.4353249     33.2299920 0.05111200000   4   1.1623352  22.1086280 13.80225000    445.1275407     25.5834815   0.1928E+14 -22.27439000 -21.75469000   0.1077E+12      0.0086717     42.5625001   0 1.000 1.000
     933    208.5356449     30.8602891 0.04252900000   3   3.0821976  24.5118743 14.11622000    149.9963859     56.5638894   0.5523E+13 -21.53768000 -21.34709000   0.5689E+11      0.0677361    112.0319281   0 0.333 0.667
     941    209.1264707     38.3585034 0.06131800000   3   1.2634102  23.4205749 14.60056000    218.1623622     33.2789736   0.6343E+13 -21.89552000 -20.36726000   0.5523E+11      0.0229827     55.2868409   0 0.667 0.667
     947    209.5394226      7.1934104 0.02505500000   3   6.5242929  26.1303741 14.08152000    230.7378059     70.8239062   0.1257E+14 -20.40630000 -19.69937000   0.1862E+11      0.0406338    103.3824532   0 0.333 0.333
     948    209.5554553     32.6374851 0.04948900000   4   2.6719284  24.4399902 14.16331000    313.6867718     56.9649530   0.1922E+14 -21.83152000 -20.80950000   0.6068E+11      0.0257582     89.0949041   0 1.000 1.000
     953    209.8371079     -3.2187905 0.02577000000   4   5.9812328  25.5243235 13.33436000    133.8393212     66.7709348   0.2804E+13 -21.14412000 -19.51899000   0.2845E+11      0.0485807     71.6948314   0 1.000 0.750
     955    210.1577128     -2.8283961 0.02534400000   9   9.7039459  25.3374776 12.45491000    316.5080949    106.5485441   0.1842E+14 -22.05309000 -20.60190000   0.9010E+11      0.0248736     86.8087840   0 1.000 0.889
     958    210.3861899     38.6976966 0.01927100000   5   7.3845745  26.0310358 13.42668000    267.1880249     61.7349703   0.1019E+14 -20.49808000 -18.33537000   0.1562E+11      0.0229166     67.5162532   0 1.000 0.800
     963    210.9417654      5.7470141 0.05494500000   4   7.7357434  26.9460258 14.10845000    357.7146001    182.8673234   0.5410E+14 -22.13491000 -19.80343000   0.6375E+11      0.0485485    191.4931478   0 1.000 0.250
     968    211.1990204     24.1865342 0.06324700000   3   1.3589489  23.5839704 14.53092000    279.7662001     36.9043666   0.1101E+14 -22.04998000 -20.15700000   0.5971E+11      0.0170562     52.6160921   0 0.333 0.333
     969    211.3426330     30.7780151 0.02561000000   3   4.1098466  25.1621108 14.06295000    173.7632585     45.5966548   0.4542E+13 -20.42863000 -19.64402000   0.1876E+11      0.0349308     66.9278262   0 0.667 0.333
     971    211.4486966     65.6989709 0.03139700000   4   2.2236774  23.3155389 13.36567000    153.9537209     30.2054238   0.2643E+13 -21.63508000 -20.36448000   0.4723E+11      0.0284293     48.2611353   0 0.750 0.750
     972    211.6921551     54.8717061 0.00689200000  17  76.2209790  28.2493403 11.05805000    256.1218329    228.3568777   0.1907E+14 -20.48307000 -20.22457000   0.2531E+11      0.0492111    138.9794257   0 1.000 0.412
     974    211.7134027      0.8509550 0.04847200000   3   0.3013563  20.2880091 14.62380000    571.0774253      6.2943504   0.5853E+13 -21.33766000 -20.00041000   0.3484E+11      0.0014119      8.8906994   0 0.667 0.667
     976    211.9356519     -0.9135140 0.05473800000   6   8.3899887  26.7618678 13.83235000    452.4395786    197.5958414   0.8405E+14 -22.40123000 -20.02185000   0.8834E+11      0.0366678    182.9304087   0 1.000 0.500
     977    212.0232622      5.4223675 0.08788300000   3   0.8130013  22.6118994 14.63958000    872.0615681     30.4938033   0.9344E+14 -22.71042000 -20.42291000   0.1064E+12      0.0054537     52.4415194   0 1.000 0.667
     981    212.6759867     26.7681308 0.03556300000   5   7.7888030  26.5084257 13.81800000    419.0588520    119.7221123   0.5790E+14 -21.41515000 -19.75606000   0.3882E+11      0.0317535    146.7259242   0 0.600 0.400
     983    212.8111221     19.1829276 0.05821700000   4   1.7596664  23.8156119 14.45563000    348.9303049     44.0396126   0.1241E+14 -21.89328000 -20.49120000   0.6649E+11      0.0112451     43.2654566   0 0.500 0.250
     984    212.8385743      1.2903558 0.02578300000   3   2.5285313  23.4884007 13.30248000      4.4166988     28.2411749   0.2135E+10 -21.20892000 -20.12128000   0.3363E+11      1.0256862     49.9520186   0 0.667 1.000
     986    212.9317220     27.9851438 0.06592300000   6   3.4533221  25.0404962 14.23969000    381.7228718     97.6847154   0.3262E+14 -22.38867000 -20.97523000   0.1058E+12      0.0256750    108.0687598   0 1.000 0.667
     990    213.5724696     12.3651984 0.05959400000   3   3.2217558  24.8950721 14.05305000    217.4508312     82.5113817   0.1625E+14 -22.42142000 -20.74846000   0.8973E+11      0.0655599    157.1954623   0 0.333 0.667
     991    213.5949317      2.9811620 0.02689700000   3   0.6958615  21.2918491 14.19306000     35.6958642      8.1058482   0.3952E+11 -20.42349000 -19.90662000   0.2118E+11      0.0294639     11.5970975   0 1.000 1.000
    1003    214.8375276     35.1413680 0.02904000000   4   2.1863212  23.3396754 13.23054000    113.0985674     27.4834071   0.1016E+13 -21.54524000 -19.12466000   0.3671E+11      0.0281298     35.0804254   0 0.750 0.250
    1004    214.9019329     17.8906975 0.01953500000   4   9.6823806  25.8862047 13.17541000     64.1810875     82.0489134   0.7004E+12 -20.71377000 -20.60892000   0.3085E+11      0.1236104     87.4788094   0 1.000 0.750
    1009    215.2688479      3.3369719 0.00583600000   3  12.6180211  24.4943780 10.84758000     77.2510131     32.0094425   0.7450E+12 -20.37666000 -19.35968000   0.1632E+11      0.0562845     47.9439358   0 0.667 1.000
    1016    215.7836397     26.2795348 0.03902300000   3   1.9301492  23.2158496 13.37421000    426.8166739     32.5285402   0.2467E+14 -22.02261000 -19.71175000   0.5769E+11      0.0131647     61.9573103   0 1.000 1.000
    1018    215.9538418     28.3433595 0.02997200000   4   2.9508244  24.3881513 14.15237000    226.4026812     38.2759945   0.7336E+13 -20.68731000 -20.42142000   0.2817E+11      0.0218975     54.6658747   0 0.500 0.000
    1023    216.2677523      3.2351336 0.03643900000   3   1.5956791  23.8851790 14.53983000     99.1566245     25.1262866   0.7977E+12 -20.75916000 -19.25967000   0.1925E+11      0.0310184     33.9142682   0 1.000 1.000
    1035    217.4894251     53.9618308 0.04315500000   5   4.4625955  25.2443167 13.67967000    339.2461243     83.0898276   0.2602E+14 -22.01510000 -19.84705000   0.6114E+11      0.0283086    105.8947030   0 1.000 0.800
    1038    217.9611488     21.9542230 0.04495900000   3   2.4723977  24.9498762 14.62035000    138.5554872     47.9378138   0.3805E+13 -21.19959000 -19.32959000   0.2762E+11      0.0593801     90.7205405   0 0.333 1.000
    1048    218.3342174     45.7388657 0.03664300000   5   5.2863064  25.8144586 13.96298000    203.3366546     83.7025796   0.6984E+13 -21.34088000 -19.72262000   0.3595E+11      0.0339409     76.0990960   0 0.800 0.400
    1056    218.9646356     28.1462522 0.05335600000   5   4.8179931  25.6965023 13.99065000    302.0063236    110.6422691   0.1942E+14 -22.18187000 -20.45342000   0.7350E+11      0.0342617    114.0947046   0 1.000 0.400
    1058    219.0363963     23.5879257 0.03947300000   3   2.4838205  24.7212967 14.51476000     53.5296958     42.3377034   0.3176E+12 -20.96147000 -19.74531000   0.2536E+11      0.0937935     55.3615789   0 1.000 1.000
    1060    219.0225396     60.4588353 0.04960500000   6   5.7464852  25.7510365 14.13715000    370.5348138    122.7976158   0.3826E+14 -21.87527000 -21.42202000   0.8504E+11      0.0282479    115.4131575   0 0.833 0.667
    1067    219.6872575     55.9995943 0.04311600000   3   1.7618604  24.2597239 14.71949000     76.9191099     32.7750358   0.7246E+12 -20.95494000 -19.33539000   0.2350E+11      0.0534732     45.3535094   0 0.667 0.667
    1068    219.7242405     46.6817168 0.03668600000   4   1.9431106  23.4902405 13.95508000    149.1780913     30.8027103   0.2056E+13 -21.32246000 -20.16198000   0.4051E+11      0.0249690     41.0720759   0 1.000 1.000
    1069    219.8201770     20.0595421 0.03139400000   8   6.3881442  25.3026121 12.97437000    223.8503125     86.7654391   0.7614E+13 -21.93019000 -19.66203000   0.5859E+11      0.0281689     69.5292995   0 0.875 0.500
    1074    220.6774391     61.1840824 0.04868900000   3   2.3208112  24.9975752 14.71056000    383.3720630     48.6886835   0.3038E+14 -21.31364000 -18.57745000   0.2805E+11      0.0223352     94.4171500   0 0.667 0.333
    1079    221.1195003      4.7283759 0.08491200000   4   2.3485585  24.4649099 14.66783000    698.9440744     85.1734531   0.1247E+15 -22.61810000 -22.20869000   0.1500E+12      0.0149024    114.8520688   0 0.500 0.500
    1085    221.8279976      2.0846327 0.03445800000   3   3.5106443  25.0941533 14.33902000    610.0012109     52.2990698   0.5655E+14 -20.82365000 -20.03902000   0.2732E+11      0.0096470     64.8878245   0 0.667 0.333
    1091    222.3667472     27.7683542 0.03152000000   3   1.4736776  22.7263241 13.68525000    141.9309211     20.0956151   0.1410E+13 -21.26793000 -20.01860000   0.3500E+11      0.0205743     32.1990303   0 1.000 1.000
    1093    222.5101163     17.0919397 0.03866900000   3   5.4597958  26.2195059 14.33813000    131.1343051     91.1860665   0.6535E+13 -21.07335000 -19.63404000   0.2935E+11      0.1199966    173.5106466   0 0.333 1.000
    1097    222.7515719     -0.0444302 0.04516600000   3   1.6372271  23.5598089 14.08040000    366.7291781     31.8891060   0.1629E+14 -21.69245000 -19.66523000   0.4230E+11      0.0111490     45.0841642   0 0.333 0.333
    1104    223.1756833      7.9244925 0.03619500000   6   6.8792656  25.7742195 13.49547000    225.3741171    107.6048167   0.1223E+14 -21.77753000 -20.74980000   0.6118E+11      0.0482818    119.9852602   0 1.000 0.833
    1107    223.3517914     55.0291460 0.07498400000   3   1.4895102  23.6929983 14.37909000    188.8333994     47.8194642   0.6632E+13 -22.59548000 -20.09842000   0.9300E+11      0.0403964     84.1127767   0 1.000 0.667
    1109    223.4036430      0.0141160 0.04454000000   3   1.0095426  22.5708806 14.38394000    517.3958784     19.3937263   0.2182E+14 -21.32795000 -20.55758000   0.3840E+11      0.0065206     37.2007580   0 1.000 0.667
    1110    223.3984758      2.9923875 0.02864900000  12  24.1734479  27.9888029 13.12969000    261.7480526    299.8117318   0.3379E+14 -21.61645000 -20.21359000   0.6122E+11      0.0777781    224.4819176   0 0.750 0.583
    1111    223.4114596     18.0887331 0.06006000000   3   2.6857629  25.2438575 14.69758000    499.9308281     69.3143120   0.7096E+14 -21.77212000 -19.65089000   0.4582E+11      0.0216214    119.1883363   0 0.333 0.333
    1112    223.4345741     18.0768058 0.07174100000   3   2.8108979  25.3019710 14.64677000    227.7007831     86.4071403   0.1841E+14 -22.20499000 -19.92121000   0.6768E+11      0.0647648    162.6090133   0 1.000 1.000
    1122    224.5155550      1.5115868 0.04361400000   4   5.0668760  26.0192409 14.41827000    334.2956078     95.3341094   0.2353E+14 -21.29137000 -20.47834000   0.4017E+11      0.0275049    101.3866921   0 1.000 1.000
    1123    224.5342080      3.3044115 0.04492500000   3   2.5778237  25.1327905 14.59643000    104.7859632     49.9445497   0.1598E+13 -21.17736000 -18.35527000   0.2456E+11      0.0572777     66.1804199   0 1.000 1.000
    1125    224.6306526     47.4956717 0.08580700000   3   0.7932341  22.2306428 14.35125000    827.3978095     29.0644569   0.8446E+14 -22.94710000 -20.89770000   0.1368E+12      0.0061773     56.3577588   0 1.000 0.333
    1126    224.6772566      8.0005051 0.03850000000   3   1.9569453  23.3586860 13.50431000     80.3053903     32.5421221   0.8458E+12 -21.91235000 -19.62955000   0.5242E+11      0.0636050     56.3218137   0 1.000 0.667
    1127    224.8047708     13.4106368 0.04428200000   3   2.1267497  23.8805561 13.99529000    354.3554796     40.6215761   0.2062E+14 -21.80687000 -20.18200000   0.5345E+11      0.0182308     71.2336188   0 0.667 0.667
    1129    224.9832466     21.0151803 0.04529100000   3   2.6637117  25.2423778 14.71899000     85.9412368     52.0245181   0.1069E+13 -21.07146000 -18.88283000   0.2414E+11      0.0764320     72.4298489   0 1.000 0.667
    1132    225.4373331      0.0208004 0.04132800000   3   4.7609341  26.1246880 14.32680000     61.6038378     84.9285318   0.8349E+12 -21.27316000 -19.08884000   0.2852E+11      0.1663408    112.9919202   0 0.333 0.333
    1137    225.9071757     42.0865137 0.01724400000   3   5.8690560  25.8442090 13.79604000    110.2352498     43.9229517   0.2135E+13 -19.81354000 -18.37310000   0.9078E+10      0.0576332     70.0541520   0 0.000 0.333
    1142    226.5701034      1.7421914 0.00481300000  18  71.6726606  27.9084892 10.58698000    352.4713517    149.9350108   0.3773E+14 -20.21079000 -18.95729000   0.1655E+11      0.0358019    139.1461092   0 1.000 0.167
    1143    226.5444217      3.6646270 0.03615600000   3   1.3640064  22.9768609 13.81522000    189.0156207     21.3128570   0.3311E+13 -21.49153000 -18.67525000   0.3254E+11      0.0202924     42.2933459   0 0.667 0.333
    1147    226.6602008     40.6885992 0.02974500000   3   2.8196559  24.6993203 14.49979000    330.7556433     36.2994480   0.1049E+14 -20.32533000 -19.61059000   0.1869E+11      0.0131896     48.1036961   0 0.333 1.000
    1150    226.7041180     12.8505613 0.02271600000   4   3.6486840  23.8045591 12.87039000    173.9837547     35.9290429   0.2458E+13 -21.37322000 -20.35678000   0.4009E+11      0.0220213     42.2465780   0 0.500 0.250
    1153    226.9250060     14.6250267 0.04509100000   3   0.3679973  20.3650575 14.57537000    219.5138374      7.1558953   0.1449E+13 -21.21262000 -20.46377000   0.4114E+11      0.0056796     13.7473787   0 1.000 1.000
    1155    227.3656847      7.5597787 0.07778700000   3   0.4091507  20.9068123 14.43221000    733.8943860     13.6171031   0.2736E+14 -22.63315000 -20.41394000   0.9966E+11      0.0028699     23.2245599   0 1.000 1.000
    1160    227.7781051     37.0281650 0.05587100000   4   1.2068582  22.8871131 14.22491000    183.6122216     29.0035879   0.2099E+13 -22.05137000 -20.34549000   0.6721E+11      0.0157312     31.8496224   0 1.000 0.500
    1161    227.8221956     11.3834858 0.04636300000   3   2.5250563  24.2658498 14.36128000    294.5217922     50.4708601   0.1854E+14 -21.48426000 -20.94019000   0.5554E+11      0.0300725     97.6625594   0 0.667 0.333
    1167    228.2811644     40.5292371 0.03160300000   4   3.3213618  24.0040393 13.41547000    327.8904352     45.4097223   0.1633E+14 -21.55969000 -20.91093000   0.5557E+11      0.0170133     61.5115833   0 0.500 0.750
    1171    228.3586956      5.6510282 0.04344000000   3   1.3558734  23.2767039 14.42842000     66.8513793     25.4102400   0.4836E+12 -21.25396000 -20.37834000   0.3482E+11      0.0670378     49.4163680   0 1.000 0.667
    1172    228.5345514     19.9490461 0.04026400000   3   4.8460628  26.0157998 14.50583000    134.9349222     84.2426484   0.6453E+13 -21.01722000 -19.88295000   0.3054E+11      0.1088804    161.9998965   0 0.333 0.333
    1174    228.9218391      8.3135408 0.03483500000   4   3.4073575  24.8933969 14.11118000    142.0688457     51.3112221   0.3726E+13 -21.09258000 -19.77856000   0.3181E+11      0.0480255     75.2336128   0 0.750 0.500
    1183    229.2027811      7.3915658 0.03692100000   3   3.4580686  24.6156641 13.61148000    475.7149100     55.1663671   0.4510E+14 -21.79330000 -19.83889000   0.4945E+11      0.0175081     91.8387530   0 1.000 1.000
    1185    229.2805144      5.2880787 0.05158400000   4   4.1839509  25.0920115 13.68755000    494.1125134     92.9304475   0.7634E+14 -22.39921000 -20.93098000   0.9040E+11      0.0233209    127.0609170   0 0.750 0.750
    1199    230.1485995      1.8198233 0.05256100000   3   4.7559647  26.1466383 14.30540000    243.6581685    107.6110276   0.2694E+14 -21.82628000 -19.27895000   0.4572E+11      0.0771731    207.3420645   0 1.000 0.333
    1201    230.3101640     48.6531990 0.07442300000  12  14.9478403  27.6450623 13.66332000    660.9429038    476.3634239   0.3109E+15 -23.29718000 -21.36899000   0.2437E+12      0.0461892    336.6238014   0 1.000 0.583
    1206    230.7284058      7.3459790 0.07677300000   4   1.7291940  23.8240158 14.45478000    503.6862703     56.8139079   0.4841E+14 -22.58670000 -21.09842000   0.1190E+12      0.0150618     83.6523011   0 0.750 1.000
    1207    230.7475537     -1.3641512 0.02880900000   3   2.3074977  23.4621755 13.88482000    332.7644169     28.7774636   0.9326E+13 -20.89678000 -20.46126000   0.3643E+11      0.0104759     38.4387539   0 1.000 0.667
    1210    231.2726361     48.4476573 0.03745700000   5   6.0086534  25.8485136 14.10269000    379.3019012     97.2350882   0.3526E+14 -21.37217000 -20.85317000   0.4950E+11      0.0268197    112.1707595   0 0.800 0.600
    1212    231.3776735      2.6720103 0.05154700000   3   3.4080775  25.6326993 14.72033000     68.5217419     75.6437720   0.1447E+13 -21.35453000 -19.98910000   0.3594E+11      0.1862033    140.6878628   0 0.667 0.667
    1222    232.9089338      7.3443775 0.03386000000   3   1.2216859  22.4995679 13.71582000    403.2905938     17.8864363   0.1258E+14 -21.40636000 -19.72919000   0.3461E+11      0.0079380     35.2994100   0 1.000 0.333
    1224    233.2558401     44.5372084 0.03737500000   3   2.3657559  23.6255184 13.98762000    307.2317325     38.2007740   0.1380E+14 -21.35469000 -20.96420000   0.5726E+11      0.0163083     55.2478318   0 0.667 0.667
    1228    233.8894541     13.8026112 0.05286000000   3   1.3703670  23.1988650 14.55594000    231.8918745     31.1808195   0.4822E+13 -21.61030000 -21.16409000   0.5915E+11      0.0148938     38.0830613   0 0.667 1.000
    1235    234.8829155     38.1467336 0.06584100000   3   2.0362514  24.2139160 14.39197000    291.6301126     57.5292801   0.1754E+14 -22.25274000 -20.80778000   0.8036E+11      0.0292882     94.1814453   0 1.000 1.000
    1236    234.9130297     46.0057526 0.03846800000   3   3.1281853  24.8423899 14.51281000    207.4395025     51.9758706   0.9448E+13 -20.89978000 -20.53817000   0.3431E+11      0.0438205    100.2326791   0 0.667 0.667
    1237    234.9940176     46.0944878 0.03782600000   3   2.7130275  24.9555302 14.44405000    740.0270027     44.3322398   0.7964E+14 -20.86512000 -19.02521000   0.2160E+11      0.0083708     68.3051687   0 0.667 1.000
    1242    235.4705471     48.5421170 0.03827500000   3   2.4232846  23.8259977 13.79765000    396.0538024     40.0634982   0.2346E+14 -21.60299000 -20.79919000   0.5238E+11      0.0156713     68.4383593   0 0.667 0.667
    1247    235.8825810     44.1373000 0.03711400000   3   3.2163907  25.3955216 14.57332000    302.1403808     51.5767662   0.1980E+14 -20.74923000 -19.24200000   0.2011E+11      0.0297211     99.0179841   0 0.333 0.333
    1250    235.9766409     34.4764627 0.06734700000   3   0.7060862  22.2364762 14.75781000    715.7633600     20.3975476   0.3960E+14 -22.03665000 -20.34475000   0.6629E+11      0.0036470     28.7833965   0 1.000 0.667
    1252    236.0786673     25.3186102 0.03235400000   3   2.1288107  23.0444788 12.99706000     97.9309689     29.7916106   0.1042E+13 -22.02127000 -20.08424000   0.5745E+11      0.0463141     50.0120028   0 1.000 0.667
    1254    236.2500820     36.1079460 0.06543500000   3   0.4365614  20.3073300 13.63955000    746.0381385     12.2591214   0.2016E+14 -23.04929000 -20.29040000   0.1380E+12      0.0021455     17.6493525   0 1.000 0.667
    1256    236.4199941     30.1749351 0.03194400000   3   4.5567493  25.6105668 14.25478000     44.4620135     62.9672312   0.5364E+12 -20.76181000 -20.07701000   0.2439E+11      0.2526456    123.8629832   0 0.000 0.333
    1263    237.4453237     41.9788660 0.03543900000   3   1.0227775  22.7903096 14.36031000    440.6785136     15.6668036   0.7920E+13 -20.86539000 -18.89276000   0.2025E+11      0.0043009     20.8986055   0 1.000 0.667
    1264    238.2090535     34.6375955 0.07310000000   3   2.6458818  24.8641225 14.72386000    131.0800726     82.8476978   0.4274E+13 -22.18241000 -21.37935000   0.9487E+11      0.0785609    113.5491392   0 1.000 1.000
    1266    238.3320046     11.9476449 0.03557200000   5  10.7958444  26.8489268 13.27117000     91.3071387    165.9852181   0.2997E+13 -21.98583000 -19.39655000   0.5519E+11      0.1761944    177.3934380   0 0.000 0.000
    1268    238.5565862     19.0976995 0.03648000000   5  11.3400121  27.5206744 14.01751000     80.1745271    178.7643158   0.2087E+13 -21.30160000 -19.75761000   0.3468E+11      0.1934011    170.9764102   0 0.200 0.000
    1270    238.7714878     28.6078920 0.07776300000   3   3.9364880  25.7196538 14.35233000    705.8106024    130.9721412   0.2768E+15 -22.70447000 -20.73039000   0.1096E+12      0.0326122    253.8099218   0 0.667 0.333
    1277    239.6606274     27.5884754 0.03140200000   4   3.9400940  24.8908218 13.72233000    349.8015761     53.5289114   0.1658E+14 -21.24101000 -20.14675000   0.3367E+11      0.0174113     67.1572477   0 1.000 0.750
    1281    239.9118104     31.7708752 0.05552200000   3   0.4912173  21.2059309 14.71481000    450.8959259     11.7323240   0.8777E+13 -21.54654000 -20.73641000   0.5194E+11      0.0032188     16.0032979   0 1.000 0.667
    1283    240.0250821     15.5959930 0.03438600000   3   4.6645949  25.8474579 14.06827000    344.2660561     69.3457558   0.3339E+14 -21.09958000 -18.73983000   0.2395E+11      0.0327297    124.2442686   0 1.000 1.000
    1285    240.2144689     45.4294395 0.04265400000   4   2.3551996  24.3418714 14.12317000    323.5790744     43.3479094   0.1163E+14 -21.52992000 -19.20036000   0.3788E+11      0.0146388     52.2307331   0 0.750 0.250
    1288    240.5373463     15.7021989 0.03448200000   3   1.0959953  22.0060736 13.78336000    463.7577174     16.3386349   0.1413E+14 -21.38076000 -20.73693000   0.4481E+11      0.0053661     27.4401881   0 1.000 1.000
    1289    240.5529261     15.9114890 0.03476000000   4   1.0632119  22.0606210 13.66907000    472.0648529     15.9766579   0.1149E+14 -21.61199000 -19.84322000   0.4331E+11      0.0038776     20.1838390   0 1.000 0.750
    1294    240.6822544     16.2342878 0.03553100000   3   1.7946048  24.4103726 14.70137000    923.1291062     27.5603423   0.9487E+14 -20.53545000 -18.07616000   0.1420E+11      0.0044204     44.9954889   0 0.667 0.333
    1295    240.6930449     16.5622656 0.03621500000   3   2.1345171  23.9961662 14.05396000    170.4637502     33.4061962   0.2605E+13 -21.22803000 -19.52319000   0.3042E+11      0.0241889     45.4662835   0 1.000 0.667
    1296    240.7373991     33.1431883 0.05472400000   4   1.6047285  23.1881504 14.16598000    350.9182758     37.7840197   0.1578E+14 -22.06904000 -21.56798000   0.8584E+11      0.0145994     56.4913683   0 0.500 0.500
    1300    240.9186509     26.5752734 0.04905700000   4   5.7460889  26.3056167 14.10850000    165.6944070    121.4485612   0.9304E+13 -21.85856000 -19.40087000   0.4976E+11      0.0828018    151.2824255   0 0.750 0.750
    1302    241.2039675     22.0189097 0.04034100000   4   8.6215005  27.1686544 14.20714000    205.8183881    150.1577655   0.1708E+14 -21.30003000 -19.83506000   0.3331E+11      0.0755502    171.4590601   0 0.500 0.750
    1304    241.2979351     17.7402922 0.03154500000   5   2.7052353  23.7693926 13.81173000    275.5070366     36.9186413   0.8353E+13 -21.28887000 -21.15422000   0.4860E+11      0.0158547     48.1650057   0 1.000 0.800
    1305    241.3898500     17.9482302 0.03999300000   6   6.1084405  25.3974835 13.47703000    196.4297562    105.4795233   0.9172E+13 -22.02793000 -20.94858000   0.8601E+11      0.0498342    107.9383113   0 0.833 0.833
    1309    241.4527099     16.2016897 0.04387000000   3   1.9540363  23.9311381 14.54012000    837.1640071     36.9790494   0.9938E+14 -21.18452000 -20.94524000   0.4131E+11      0.0058058     53.5936323   0 0.333 0.667
    1310    241.5184393     33.4191386 0.06003200000   4   2.3481205  24.8956300 14.64184000    253.4023731     60.5725804   0.9405E+13 -21.78869000 -19.20106000   0.4670E+11      0.0230160     64.3104890   0 1.000 0.250
    1311    241.5670682     18.1779465 0.03968400000   3   0.8422866  22.1821932 14.24688000    244.5519209     14.4331359   0.3530E+13 -21.24516000 -19.81721000   0.3063E+11      0.0099898     26.9382722   0 0.333 0.667
    1313    241.8075601     18.6523757 0.03854400000   5   5.1595246  25.4218974 13.83190000    265.1443628     85.8951161   0.1179E+14 -21.63329000 -20.30853000   0.5592E+11      0.0269281     78.7278237   0 1.000 0.800
    1314    241.8018970     33.3083535 0.06088400000   4   4.9251998  26.1900265 14.41048000    536.7782135    128.8280527   0.8527E+14 -22.17705000 -20.18970000   0.6946E+11      0.0215654    127.6416515   0 0.750 0.750
    1316    242.4766135     25.6747119 0.04132900000   3   1.8371622  23.4167908 13.88934000    112.3481499     32.7732330   0.1482E+13 -21.72669000 -20.67821000   0.5215E+11      0.0440074     54.5170426   0 1.000 0.667
    1322    242.9734461     29.8471519 0.05025000000   3   2.2104939  23.1524597 13.12101000    136.7701517     47.8432298   0.3814E+13 -22.90673000 -21.27350000   0.1414E+12      0.0617421     93.1137051   0 0.667 0.667
    1327    243.2324999     30.7682202 0.04969000000   3   0.7629145  22.3024074 14.41757000    368.6425025     16.3304485   0.8026E+13 -21.59447000 -18.90919000   0.3613E+11      0.0060246     24.4892826   0 1.000 0.667
    1334    244.4675436     11.6508642 0.03441400000   3   4.4207614  25.6511346 14.60999000    417.1025396     65.7739193   0.4329E+14 -20.59244000 -20.45891000   0.2593E+11      0.0201920     92.8674695   0 0.333 0.667
    1340    245.0693528     37.5618775 0.06780100000   3   1.4882977  23.9131256 14.70260000    157.5932815     43.2792869   0.4496E+13 -22.02958000 -20.23287000   0.6106E+11      0.0476394     82.7836339   0 1.000 0.667
    1344    245.6049745     10.5129484 0.03337500000   4   6.3070761  26.2975056 14.03554000    149.4189180     91.0281421   0.4804E+13 -21.05580000 -19.43152000   0.2709E+11      0.0613269    101.0409219   0 0.500 0.250
    1354    246.2587198     40.9338154 0.02903200000   3   1.5409307  23.0232397 13.81603000    187.6229289     19.3651490   0.2327E+13 -20.94034000 -19.55740000   0.2427E+11      0.0150159     31.0655124   0 0.000 0.000
    1356    246.4784490     43.9630515 0.03179100000   3   1.1958184  22.5008096 14.44068000     85.0322993     16.4457983   0.4814E+12 -20.57483000 -20.42860000   0.2930E+11      0.0317065     29.7285244   0 0.667 0.000
    1357    246.6510951     40.9019799 0.03026000000   6   5.5488949  26.1741382 14.13740000    501.9016528     72.6631298   0.4431E+14 -20.68014000 -18.09425000   0.1821E+11      0.0135224     74.8362547   0 0.667 0.167
    1361    246.8859609     39.1477796 0.03381000000   4   6.4905070  26.0267770 13.60816000    329.1252473     94.8869002   0.3083E+14 -21.48127000 -19.49340000   0.3690E+11      0.0343142    124.5305156   0 0.250 0.250
    1363    246.9436333     39.3627296 0.02960100000   3   3.2548090  24.2621676 13.27620000    365.8527801     41.7000213   0.2248E+14 -21.54140000 -19.25074000   0.3642E+11      0.0181623     73.2686078   0 1.000 1.000
    1365    247.1098853     32.7991308 0.03738400000   6   6.7844427  25.4076135 13.26608000    565.7152219    109.5772005   0.9342E+14 -22.08211000 -21.38932000   0.8607E+11      0.0215978    134.7248862   0 0.833 0.500
    1366    247.2054909     25.5086885 0.04021700000   3   3.0548303  24.6833651 14.14310000     51.4211343     53.0429453   0.5615E+12 -21.37422000 -20.17429000   0.4117E+11      0.1543590     87.5213948   0 1.000 1.000
    1369    247.2639883     40.8755731 0.03291500000   3   3.6430634  25.0184952 14.54475000    918.5019851     51.8600787   0.1794E+15 -20.51744000 -20.34200000   0.2712E+11      0.0088520     89.6524359   0 1.000 0.000
    1371    247.5806727     40.6716623 0.02933900000   3   1.8733819  23.4584361 14.10917000    455.8527810     23.7904102   0.1786E+14 -20.69002000 -20.15785000   0.2418E+11      0.0078264     39.3394466   0 1.000 0.667
    1376    248.7142807     26.2773124 0.04424700000   4   1.3722320  22.9504486 14.09601000    206.2995302     26.1895582   0.3788E+13 -21.64788000 -20.26599000   0.5049E+11      0.0172515     39.2433017   0 1.000 0.750
    1380    250.3348493     39.7626491 0.03038800000   4   5.5621149  25.6345591 13.76545000     92.6477261     73.1422074   0.1652E+13 -21.12418000 -19.99722000   0.3166E+11      0.0803173     82.0510948   0 0.500 0.250
    1381    251.1379249     38.9040766 0.03822100000   4   4.0559242  25.3214695 14.15182000    324.6599825     66.9617278   0.1327E+14 -21.30877000 -20.13078000   0.3731E+11      0.0187709     67.1978830   0 1.000 0.750
    1389    253.5979821     37.6191733 0.06278100000   4   3.6168202  25.1694556 14.38425000    421.5858341     97.5076795   0.6117E+14 -22.15783000 -21.20952000   0.9692E+11      0.0333758    155.1522268   0 1.000 1.000
    1394    254.1782437     18.5550375 0.05323100000   3   0.6591764  21.2873351 14.07687000    473.2093662     15.1025716   0.1377E+14 -22.09105000 -21.45289000   0.8300E+11      0.0053003     27.6562846   0 1.000 1.000
    1397    255.0405471     37.8263263 0.06329300000   3   1.8773417  24.0457406 14.47026000    224.9023835     51.0186474   0.7699E+13 -22.11318000 -21.10917000   0.7507E+11      0.0280980     69.6804149   0 1.000 0.333
    1398    255.1448429     24.4385443 0.04790900000   3   1.5612963  23.8275387 14.58259000    167.9213282     32.2359564   0.2618E+13 -21.33274000 -19.84830000   0.3453E+11      0.0238582     44.1757228   0 0.667 0.667
    1399    255.2471902     39.5788275 0.03420400000   4   1.8161195  23.1858272 13.48265000    259.1750560     26.8573946   0.5635E+13 -21.66601000 -19.27077000   0.4130E+11      0.0128430     36.7027858   0 0.750 0.750
    1401    255.9972538     24.7880519 0.04738900000   3   1.9698750  24.3719152 14.43944000    322.3994920     40.2354019   0.1290E+14 -21.47138000 -18.87120000   0.3252E+11      0.0162063     57.6126237   0 0.333 0.333
    1403    256.0520453     38.8686034 0.03492200000   4   2.8097645  24.4839474 14.60116000    191.5559242     42.4169203   0.4181E+13 -20.59538000 -20.44355000   0.3129E+11      0.0264013     55.7650074   0 0.750 1.000
    1409    256.7844852     34.2522264 0.03098600000   3   2.2302481  23.3869590 13.73141000    229.2084480     29.9009373   0.5126E+13 -21.19274000 -21.01517000   0.4211E+11      0.0183619     46.4076599   0 1.000 1.000
    1411    257.7327020     30.1039934 0.08196100000   3   2.0885177  24.6223461 14.71598000    753.6870973     73.1635057   0.1632E+15 -22.48426000 -20.93958000   0.9544E+11      0.0156906    130.3978310   0 1.000 1.000
    1412    259.0554161     33.2489267 0.03960800000   3   2.9096162  25.0976322 14.55992000    283.8596729     49.7636099   0.1676E+14 -20.92151000 -19.71822000   0.2509E+11      0.0303363     94.9525522   0 0.667 0.667
