        4        5      117.794      50.217  0.021810     5.095    23.789     409.803    12.839        0   -21.235      0.0555815      0.0123003     48.1768188   -21.207
        9        4      120.355      27.240  0.048037     4.784    25.242     356.045    13.942        0   -21.989      0.1442337      0.0367385     99.0294037   -21.446
       10        6      120.491       9.561  0.016655    22.096    26.218     297.232    11.471        0   -22.052      0.1349445      0.0411736    159.7374115   -20.325
       12        4      120.805       8.230  0.051395     5.070    25.534     364.532    14.014        0   -22.098      0.1508181      0.0375213    112.2107086   -21.177
       14        4      121.367      37.543  0.034293     2.042    23.211     167.124    13.760        0   -21.390      0.0386983      0.0209996     30.2696781   -21.142
       15        8      121.735      19.795  0.038854     9.608    26.325     480.834    13.744        0   -21.629      0.1606122      0.0302930    161.2266388   -20.906
       17        4      123.478       9.701  0.052687     2.495    24.840     281.363    14.602        0   -21.537      0.0695274      0.0224104     56.5878448   -19.613
       19        7      125.295      35.802  0.061716     6.357    25.997     436.323    14.141        0   -22.379      0.1693503      0.0351995    168.5209656   -21.420
       20        4      125.926      21.380  0.018345     6.647    25.062     175.749    13.012        0   -20.686      0.0913776      0.0471526     52.9054184   -20.002
       22        8      126.778      18.005  0.058495     4.348    25.199     338.741    14.635        0   -21.743      0.0972077      0.0260251    109.3269882   -21.068
       37        5      136.240      17.455  0.029005     3.758    24.103     335.047    13.130        0   -21.714      0.0502642      0.0136054     47.1869812   -20.146
       38        5      136.272      18.362  0.014890    17.543    26.082     397.757    11.829        0   -21.456      0.1533677      0.0349684    113.4161606   -19.989
       39        4      136.311      28.257  0.027659     3.829    25.111     112.488    13.933        0   -20.723      0.0582540      0.0469653     45.8580818   -19.082
       41        4      138.949      10.162  0.031755     5.768    25.499     149.689    13.688        0   -21.325      0.0828229      0.0501787     79.2372360   -20.725
       46        4      140.552      33.893  0.024263     5.420    24.989     537.413    12.978        0   -21.380      0.0597741      0.0100870     56.9838333   -19.289
       51        5      141.814      23.037  0.030227     4.762    24.610     493.011    13.295        0   -21.339      0.0662300      0.0121831     62.2846260   -20.292
       52        4      141.990      30.010  0.027545     3.558    23.585     386.384    12.580        0   -22.075      0.0514284      0.0120710     42.4436150   -20.339
       55        5      144.433      17.083  0.028685     6.357    26.070     400.455    14.302        0   -20.443      0.1021992      0.0231448     78.9434586   -19.680
       60        4      146.028      42.638  0.018683     5.637    25.463     102.003    13.381        0   -20.379      0.0524323      0.0466172     45.6931725   -18.075
       61        4      146.328      34.703  0.041539     1.779    23.913     119.125    14.468        0   -21.126      0.0362075      0.0275649     31.9016438   -19.352
       69        4      149.088      20.501  0.025606     3.031    23.636     229.455    13.517        0   -20.946      0.0468653      0.0185231     33.6189690   -20.657
       71        5      150.640      32.711  0.051116     1.277    22.488     219.992    13.799        0   -22.273      0.0394274      0.0162537     28.1181622   -20.853
       72        4      150.868      37.457  0.022474     2.878    24.370     397.549    14.190        0   -20.051      0.0384935      0.0087812     28.0354137   -19.576
       78        4      152.854      37.891  0.054448     1.904    24.052     138.042    14.701        0   -21.484      0.0575403      0.0378024     44.5989952   -21.110
       79        4      153.490      38.664  0.021676     3.997    23.635     274.244    13.043        0   -21.081      0.0380906      0.0125962     37.5675888   -21.058
       83        5      154.561      48.897  0.062183     4.205    25.763     173.405    14.565        0   -21.945      0.1319581      0.0690135    112.2900467   -20.502
       84        4      154.743      16.130  0.029872     5.943    25.546     162.478    13.509        0   -21.316      0.0866755      0.0483794     76.8328247   -20.172
       88        6      155.830      12.835  0.033385     5.965    25.068     253.595    13.359        0   -21.743      0.0938183      0.0335510     86.1145935   -20.775
       89        4      156.124      41.716  0.045943     3.442    24.470     710.808    13.568        0   -22.214      0.0987017      0.0125931     68.1772232   -20.490
       98        4      157.288      37.562  0.051462     4.873    26.065      92.552    14.439        0   -21.624      0.1531276      0.1500474    107.9922104   -20.315
      107        4      160.091       6.856  0.031500     5.246    25.949      45.398    14.678        0   -20.289      0.0982747      0.1963185     71.4951935   -20.250
      110        4      161.963      30.659  0.035172     5.572    25.666     287.327    14.240        0   -21.011      0.0920247      0.0290461     84.7118149   -20.792
      112        4      162.523       0.330  0.040880     4.109    24.700     437.002    13.455        0   -22.054      0.0731032      0.0151709     72.5124817   -20.608
      114        5      162.969      50.934  0.025639    11.221    26.151     527.630    13.141        0   -21.354      0.1463139      0.0251487    124.6267853   -20.604
      116        4      164.637       1.398  0.041938     3.540    24.788     425.453    14.065        0   -21.547      0.0985614      0.0210095     64.0681839   -20.466
      118        4      165.179      10.493  0.037613     7.283    25.168     486.724    13.322        0   -22.055      0.1685933      0.0314136    118.3467560   -21.665
      120        4      165.544      37.968  0.029501     4.276    25.434      54.741    14.367        0   -20.434      0.0747020      0.1237593     54.5995026   -19.989
      122        4      166.545       9.066  0.075469     2.473    24.705     187.532    14.661        0   -22.321      0.0924769      0.0447214     79.8879547   -20.895
      127        4      167.471      21.961  0.033897     5.002    25.500     324.508    14.310        0   -20.731      0.0903371      0.0252464     73.3128891   -20.493
      130        4      167.818       3.943  0.053775     3.509    25.229     318.944    14.327        0   -21.836      0.0999240      0.0284128     81.2076340   -20.569
      136        4      168.481      39.421  0.076536     2.505    24.857     366.093    14.599        0   -22.385      0.0993149      0.0246027     82.0543671   -20.640
      137        5      168.750       4.098  0.040665     3.266    24.572     374.481    13.926        0   -21.608      0.0557754      0.0135074     57.3363686   -20.191
      140        6      170.643      59.297  0.050747     2.391    24.696     238.909    14.669        0   -21.428      0.0873405      0.0331545     52.2448387   -19.472
      141        4      170.778      56.191  0.067374     2.238    24.275     138.851    14.752        0   -21.965      0.0762505      0.0498026     64.6793747   -21.182
      142        4      171.049      37.978  0.036431     4.868    25.628      86.306    14.017        0   -21.270      0.1102867      0.1158891     76.6322556   -19.790
      145        4      171.600      52.150  0.034295     5.339    25.190     109.799    13.251        0   -21.894      0.1277408      0.1055092     79.1608047   -19.924
      152        4      173.655      48.960  0.031594     3.078    24.305     828.015    13.967        0   -21.042      0.0635604      0.0069616     42.0740318   -20.365
      153        4      173.693      22.493  0.067742     3.792    25.490     553.042    14.341        0   -22.340      0.1163199      0.0190746    110.1761932   -20.494
      154        4      173.797      51.201  0.027367     4.761    24.547     324.795    12.986        0   -21.676      0.0606777      0.0169425     56.4165115   -20.217
      156        8      174.269      19.962  0.021965     8.015    25.715     158.563    13.963        0   -20.180      0.0828664      0.0473955     76.3255310   -20.159
      160        5      174.621      20.479  0.026806     6.799    25.473     308.228    13.251        0   -21.345      0.0612887      0.0180330     78.9337692   -19.877
      161        6      174.804      26.351  0.023938    10.118    26.198     282.210    13.556        0   -20.730      0.1375528      0.0442034    104.9629898   -20.574
      166        4      176.119      20.094  0.025173     2.294    23.399     307.740    13.646        0   -20.655      0.0379820      0.0111932     25.0197067   -19.910
      180        4      181.411      31.043  0.024416     5.263    25.868     280.464    14.465        0   -19.908      0.0689919      0.0223090     55.6799698   -19.699
      184        4      182.657      17.876  0.024574     2.482    23.950     288.120    13.985        0   -20.459      0.0313368      0.0098637     26.4315147   -19.878
      185        4      182.737      30.868  0.075217     1.573    23.854     307.784    14.719        0   -22.224      0.0751397      0.0221403     50.6487350   -20.644
      186        8      183.195      66.698  0.058839     5.689    26.105     408.953    14.760        0   -21.634      0.1071552      0.0237629    143.8680420   -20.712
      188        4      183.322      21.666  0.025783     3.800    24.216     235.722    13.050        0   -21.423      0.0576830      0.0221926     42.4381523   -19.489
      190        5      183.853      59.975  0.060234     2.123    24.000     159.268    14.555        0   -21.896      0.0571298      0.0325306     54.9516144   -21.132
      194        4      184.634      48.863  0.045580     3.320    24.752     148.154    13.994        0   -21.814      0.0783493      0.0479600     65.2523499   -20.197
      196        4      184.921      12.420  0.060218     3.393    24.607     229.541    13.832        0   -22.630      0.1099373      0.0434355     87.8030014   -20.889
      199        4      185.588      28.810  0.064957     2.735    24.699     283.417    14.539        0   -22.119      0.1235689      0.0395406     76.2371445   -21.588
      202        4      186.627       9.071  0.026097     6.253    24.540     154.282    13.011        0   -21.542      0.0831123      0.0488551     70.6886292   -21.370
      206        4      187.733      51.349  0.044653     1.823    23.465     355.243    14.305        0   -21.443      0.0391021      0.0099824     35.0995979   -20.925
      207        4      188.742      50.846  0.040545     5.681    25.451      90.714    13.530        0   -21.982      0.0994353      0.0994090     99.4341888   -20.898
      210        5      189.039      16.645  0.079946     0.754    21.928     739.389    14.415        0   -22.683      0.0300941      0.0036912     25.7864380   -20.808
      216        4      191.322       1.818  0.048950     2.710    24.086     159.954    13.588        0   -22.357      0.0693142      0.0392995     57.1501770   -20.109
      220        5      194.210      30.717  0.025398     9.077    26.193     331.201    13.497        0   -20.949      0.0775515      0.0212353     99.8701859   -20.608
      226        4      195.881      47.417  0.024972     8.366    26.304     150.393    13.589        0   -20.862      0.1225202      0.0738820     90.5138168   -19.926
      238        4      202.976      -2.872  0.086832     1.186    23.376     394.931    14.684        0   -22.628      0.0723408      0.0166120     43.9565697   -20.744
      241        6      203.773      13.776  0.024120    17.546    26.269     220.200    12.682        0   -21.668      0.1938897      0.0798539    183.4031372   -21.629
      246        4      204.189      24.998  0.075517     2.961    24.830     344.681    14.233        0   -22.729      0.1151074      0.0302862     95.7189789   -21.240
      248        4      204.629      26.749  0.030036     4.760    24.994     268.092    13.427        0   -21.367      0.0743979      0.0251673     61.8755112   -20.194
      252        4      205.106       5.056  0.023990     5.297    25.527     132.414    13.786        0   -20.573      0.0834425      0.0571493     55.0750122   -19.471
      253        4      205.187      25.953  0.029679     6.752    25.995     524.052    13.723        0   -21.092      0.0868335      0.0150270     86.7250290   -20.019
      254        4      205.278      30.370  0.041048     3.876    24.924     102.798    13.868        0   -21.709      0.0744385      0.0656710     68.6873703   -20.402
      256        4      205.743      49.058  0.063310     3.439    25.332     124.785    14.369        0   -22.180      0.0934866      0.0679433     93.4822617   -20.225
      259        4      206.362      56.637  0.035441     8.151    26.225     125.283    13.321        0   -21.897      0.1331393      0.0963768    124.8610458   -19.449
      261        5      206.696      22.733  0.028356     8.265    26.152     349.837    13.754        0   -20.966      0.0794564      0.0205979    101.4658813   -19.867
      262        5      207.730       2.323  0.033984     4.618    25.184     224.199    14.192        0   -20.892      0.0615214      0.0248858     67.8595886   -20.871
      263        5      208.042       2.404  0.024630     9.457    25.496     180.602    12.435        0   -21.970      0.0973646      0.0488920    100.9317398   -20.106
      278        5      211.747       0.851  0.049015     4.288    25.923     335.077    14.624        0   -21.311      0.1489479      0.0403134     90.5584641   -19.949
      279        4      212.319      55.244  0.042587     5.086    25.954     113.290    14.309        0   -21.308      0.1217630      0.0974726     93.4734344   -19.676
      281        4      213.581       2.965  0.026930     2.428    23.919     200.514    14.193        0   -20.417      0.0325497      0.0147218     28.3120213   -19.901
      286        5      214.853      35.108  0.029013     4.618    24.581      33.523    13.231        0   -21.543      0.0600598      0.1624814     57.9986992   -20.688
      302        4      219.689      56.027  0.043167     3.737    25.737      52.291    14.719        0   -20.948      0.0978691      0.1697381     69.6002960   -19.308
      311        5      223.407       3.008  0.028634     8.645    25.878     282.047    13.130        0   -21.612      0.1474482      0.0474108    107.1673737   -20.209
      314        5      224.133       6.460  0.046646     3.979    25.045      47.253    14.271        0   -21.584      0.1233155      0.2366729     80.0101852   -21.208
      325        5      226.922      14.651  0.045077     3.464    24.773     195.181    14.575        0   -21.181      0.0774800      0.0360008     67.3372345   -20.512
      327        4      227.463       1.374  0.028754     5.590    25.877      98.991    14.386        0   -20.380      0.0863486      0.0791075     69.5843201   -19.606
      330        4      228.922       8.314  0.034820     3.407    24.893     123.036    14.111        0   -21.050      0.0790498      0.0582679     51.2888031   -19.766
      337        4      231.309      48.442  0.037448     3.842    24.900     313.451    14.103        0   -21.360      0.1024853      0.0296518     62.1606331   -20.850
      338        4      231.892      18.623  0.054783     6.166    26.204     534.701    13.993        0   -22.217      0.2055582      0.0348645    145.3289185   -20.629
      348        4      235.158      -0.132  0.078575     3.674    25.844     177.951    14.669        0   -22.386      0.1810423      0.0922656    123.4931946   -20.101
      349        4      235.511      48.507  0.038176     7.399    26.199     251.274    13.789        0   -21.608      0.1289049      0.0465244    122.0092545   -20.784
      357        4      238.668      39.764  0.032904     2.211    23.857     196.972    14.307        0   -20.768      0.0400650      0.0184467     31.4659214   -20.491
      358        6      239.154      41.915  0.035475     4.613    25.211     302.431    14.005        0   -21.179      0.0694132      0.0208149     70.7263184   -20.565
      363        4      240.756      33.135  0.054689     3.128    24.606     301.002    14.166        0   -22.047      0.0943328      0.0284218     73.6049347   -21.555
      370        6      241.966      38.975  0.038200     6.663    25.730     344.918    13.727        0   -21.690      0.1028601      0.0270452    109.9400253   -20.349
      371        4      242.732      52.453  0.063745     2.571    24.035     631.494    13.609        0   -22.946      0.1040032      0.0149361     70.3716965   -20.647
      395        5      251.799      33.933  0.067020     1.582    23.539     360.916    14.273        0   -22.412      0.0551288      0.0138526     45.4925880   -20.241
      397        5      253.055      23.352  0.035838     6.494    25.436     253.774    13.190        0   -22.057      0.1538439      0.0549783    100.5855865   -20.147
      399        4      254.365      40.717  0.029995     4.975    24.651     256.493    13.723        0   -21.162      0.0749642      0.0265056     64.5837097   -21.114
      401        5      255.134      24.414  0.047888     4.054    25.620      84.270    14.583        0   -21.326      0.1236709      0.1330921     83.6598892   -20.128
      404        4      256.052      38.869  0.034912     2.810    24.484     165.892    14.601        0   -20.572      0.0568130      0.0310586     42.4048805   -20.433
      408        5      120.931      10.000  0.035082     6.233    25.505     125.469    13.372        1   -21.830      0.1358310      0.0981794     94.5206070   -19.961
      409        4      129.291      47.168  0.052551     3.980    25.394     113.845    14.548        1   -21.588      0.1244893      0.0991690     90.0415421   -20.949
      414        4      144.965      16.783  0.049932     2.836    24.306     308.701    14.158        1   -21.830      0.0948566      0.0278669     60.9957123   -21.082
      415        5      155.544      17.831  0.028055     6.921    25.780     392.270    14.469        1   -20.260      0.0671700      0.0155292     84.0702515   -20.090
      416        4      158.264      12.062  0.033627     5.087    25.477      42.726    13.984        1   -21.128      0.1103011      0.2341265     73.9621811   -19.984
      420        4      167.654      10.089  0.048069     4.614    25.762      64.255    14.463        1   -21.454      0.1352085      0.1908351     95.5844727   -20.469
      422        4      172.229      52.252  0.048258     2.695    24.807     293.160    14.484        1   -21.481      0.0817597      0.0252926     56.0450134   -19.995
      426        4      182.016       9.768  0.070482     3.357    25.025     256.812    14.424        1   -22.379      0.1114948      0.0393729    101.4045639   -21.672
      428        4      186.892      50.399  0.040929     4.599    25.509     341.408    14.038        1   -21.493      0.0970567      0.0257817     81.2567978   -19.868
      435        4      206.183      40.456  0.076348     2.432    24.687     332.465    14.397        1   -22.583      0.1236917      0.0337406     79.4565277   -20.240
      436        4      207.619      24.948  0.030552     4.064    24.741      90.490    13.834        1   -21.048      0.0602605      0.0603935     53.7311249   -20.799
      439        5      213.299      27.345  0.055761     3.136    24.986     191.932    14.617        1   -21.656      0.0895655      0.0423207     75.2258224   -20.643
      443        4      221.618      23.891  0.048737     4.701    25.755     543.013    14.508        1   -21.431      0.1592898      0.0266034     98.7155304   -20.841
      444        5      221.921       9.599  0.029563     7.338    26.120     149.422    14.143        1   -20.689      0.0957120      0.0580914     93.8975220   -20.593
      447        6      223.602      49.394  0.037633     5.309    25.794     292.050    14.436        1   -20.920      0.1173868      0.0364520     86.3206863   -20.247
      449        4      226.662       9.448  0.028384     4.200    25.909      80.687    14.585        1   -20.160      0.0553175      0.0621752     51.6126595   -18.593
      452        4      236.269      16.951  0.049082     3.583    24.791     564.096    13.772        1   -22.229      0.1185486      0.0190591     75.7712021   -20.702
      453        7      237.045       9.131  0.041120     6.933    25.843     411.421    13.946        1   -21.614      0.1176687      0.0259378    123.0615616   -20.755
      457        4      243.614      50.471  0.059727     2.574    24.632     181.716    14.422        1   -22.017      0.0719309      0.0358990     66.0720825   -20.530
      459        4      244.410      50.641  0.041362     4.748    25.610     552.432    14.146        1   -21.441      0.0991795      0.0162818     84.7610397   -20.121
      460        5      245.283      13.159  0.034352     3.715    24.912     247.585    14.328        1   -20.778      0.0790424      0.0289531     55.1713829   -19.839
