        2        4      116.577      22.020  0.046817     4.090    25.289     274.092    14.289        0   -21.512      0.0923132      0.0305440     82.5437088 Loose
        4        5      117.794      50.217  0.021810     5.095    23.789     409.803    12.839        0   -21.235      0.0555815      0.0123003     48.1768188 Loose
        6        4      119.190      45.886  0.054922     1.200    22.297     461.528    14.072        0   -22.218      0.0346101      0.0068009     28.3622646 Loose
        9        4      120.355      27.240  0.048037     4.784    25.242     356.045    13.942        0   -21.989      0.1442337      0.0367385     99.0294037 Loose
       10        6      120.491       9.561  0.016655    22.096    26.218     297.232    11.471        0   -22.052      0.1349445      0.0411736    159.7374115 Loose
       14        4      121.367      37.543  0.034293     2.042    23.211     167.124    13.760        0   -21.390      0.0386983      0.0209996     30.2696781 Loose
       16        6      122.056       9.029  0.053545     3.489    24.517     148.746    13.972        0   -22.180      0.0810424      0.0494114     80.3946228 Loose
       17        4      123.478       9.701  0.052687     2.495    24.840     281.363    14.602        0   -21.537      0.0695274      0.0224104     56.5878448 Loose
       19        7      125.295      35.802  0.061716     6.357    25.997     436.323    14.141        0   -22.379      0.1693503      0.0351995    168.5209656 Loose
       20        4      125.926      21.380  0.018345     6.647    25.062     175.749    13.012        0   -20.686      0.0913776      0.0471526     52.9054184 Loose
       21        4      126.573      17.360  0.066737     4.854    26.245     257.581    14.730        0   -21.922      0.1667616      0.0587141    138.9812317 Loose
       23        4      127.656      58.059  0.046261     2.673    24.961     205.941    14.611        0   -21.248      0.0567171      0.0249764     53.3194237 Loose
       27        4      129.942      52.994  0.046097     4.803    26.004     290.463    14.717        0   -21.033      0.1373967      0.0428987     95.4657288 Loose
       35        5      134.280      39.994  0.097295     3.444    25.441     229.078    14.596        0   -22.969      0.1679440      0.0664877    142.6985016 Loose
       38        5      136.272      18.362  0.014890    17.543    26.082     397.757    11.829        0   -21.456      0.1533677      0.0349684    113.4161606 Loose
       39        4      136.311      28.257  0.027659     3.829    25.111     112.488    13.933        0   -20.723      0.0582540      0.0469653     45.8580818 Loose
       41        4      138.949      10.162  0.031755     5.768    25.499     149.689    13.688        0   -21.325      0.0828229      0.0501787     79.2372360 Loose
       46        4      140.552      33.893  0.024263     5.420    24.989     537.413    12.978        0   -21.380      0.0597741      0.0100870     56.9838333 Loose
       51        5      141.814      23.037  0.030227     4.762    24.610     493.011    13.295        0   -21.339      0.0662300      0.0121831     62.2846260 Loose
       52        4      141.990      30.010  0.027545     3.558    23.585     386.384    12.580        0   -22.075      0.0514284      0.0120710     42.4436150 Loose
       60        4      146.028      42.638  0.018683     5.637    25.463     102.003    13.381        0   -20.379      0.0524323      0.0466172     45.6931725 Loose
       61        4      146.328      34.703  0.041539     1.779    23.913     119.125    14.468        0   -21.126      0.0362075      0.0275649     31.9016438 Loose
       67        4      148.269      19.402  0.025965     4.915    24.486     309.781    12.833        0   -21.724      0.0554949      0.0162464     55.2848167 Loose
       69        4      149.088      20.501  0.025606     3.031    23.636     229.455    13.517        0   -20.946      0.0468653      0.0185231     33.6189690 Loose
       71        5      150.640      32.711  0.051116     1.277    22.488     219.992    13.799        0   -22.273      0.0394274      0.0162537     28.1181622 Loose
       72        4      150.868      37.457  0.022474     2.878    24.370     397.549    14.190        0   -20.051      0.0384935      0.0087812     28.0354137 Loose
       76        4      151.282       0.609  0.063715     3.971    25.906     164.633    14.542        0   -22.028      0.1703608      0.0938451    108.6203308 Loose
       78        4      152.854      37.891  0.054448     1.904    24.052     138.042    14.701        0   -21.484      0.0575403      0.0378024     44.5989952 Loose
       79        4      153.490      38.664  0.021676     3.997    23.635     274.244    13.043        0   -21.081      0.0380906      0.0125962     37.5675888 Loose
       83        5      154.561      48.897  0.062183     4.205    25.763     173.405    14.565        0   -21.945      0.1319581      0.0690135    112.2900467 Loose
       84        4      154.743      16.130  0.029872     5.943    25.546     162.478    13.509        0   -21.316      0.0866755      0.0483794     76.8328247 Loose
       88        6      155.830      12.835  0.033385     5.965    25.068     253.595    13.359        0   -21.743      0.0938183      0.0335510     86.1145935 Loose
       96        6      157.238       8.496  0.048633     3.164    24.362     289.758    14.103        0   -21.844      0.0798566      0.0249939     66.3013763 Loose
      101        4      158.548      61.624  0.031319     2.042    23.001     232.584    13.358        0   -21.606      0.0395539      0.0154230     27.6687164 Loose
      107        4      160.091       6.856  0.031500     5.246    25.949      45.398    14.678        0   -20.289      0.0982747      0.1963185     71.4951935 Loose
      110        4      161.963      30.659  0.035172     5.572    25.666     287.327    14.240        0   -21.011      0.0920247      0.0290461     84.7118149 Loose
      112        4      162.523       0.330  0.040880     4.109    24.700     437.002    13.455        0   -22.054      0.0731032      0.0151709     72.5124817 Loose
      113        5      162.866       3.650  0.043081     3.995    25.187     189.222    14.360        0   -21.309      0.0430122      0.0206148     74.2600174 Loose
      114        5      162.969      50.934  0.025639    11.221    26.151     527.630    13.141        0   -21.354      0.1463139      0.0251487    124.6267853 Loose
      116        4      164.637       1.398  0.041938     3.540    24.788     425.453    14.065        0   -21.547      0.0985614      0.0210095     64.0681839 Loose
      118        4      165.179      10.493  0.037613     7.283    25.168     486.724    13.322        0   -22.055      0.1685933      0.0314136    118.3467560 Loose
      119        5      165.325       9.287  0.037379     3.253    24.694     163.388    14.445        0   -20.899      0.0568456      0.0315527     52.5284576 Loose
      120        4      165.544      37.968  0.029501     4.276    25.434      54.741    14.367        0   -20.434      0.0747020      0.1237593     54.5995026 Loose
      122        4      166.545       9.066  0.075469     2.473    24.705     187.532    14.661        0   -22.321      0.0924769      0.0447214     79.8879547 Loose
      126        5      167.291      26.634  0.038628     7.253    26.125     130.943    13.841        0   -21.577      0.1479615      0.1024771    121.0089722 Loose
      130        4      167.818       3.943  0.053775     3.509    25.229     318.944    14.327        0   -21.836      0.0999240      0.0284128     81.2076340 Loose
      131        4      168.023      27.579  0.035825     1.592    22.358     432.993    13.138        0   -22.120      0.0371168      0.0077741     24.6534462 Loose
      136        4      168.481      39.421  0.076536     2.505    24.857     366.093    14.599        0   -22.385      0.0993149      0.0246027     82.0543671 Loose
      137        5      168.750       4.098  0.040665     3.266    24.572     374.481    13.926        0   -21.608      0.0557754      0.0135074     57.3363686 Loose
      141        4      170.778      56.191  0.067374     2.238    24.275     138.851    14.752        0   -21.965      0.0762505      0.0498026     64.6793747 Loose
      142        4      171.049      37.978  0.036431     4.868    25.628      86.306    14.017        0   -21.270      0.1102867      0.1158891     76.6322556 Loose
      145        4      171.600      52.150  0.034295     5.339    25.190     109.799    13.251        0   -21.894      0.1277408      0.1055092     79.1608047 Loose
      152        4      173.655      48.960  0.031594     3.078    24.305     828.015    13.967        0   -21.042      0.0635604      0.0069616     42.0740318 Loose
      153        4      173.693      22.493  0.067742     3.792    25.490     553.042    14.341        0   -22.340      0.1163199      0.0190746    110.1761932 Loose
      154        4      173.797      51.201  0.027367     4.761    24.547     324.795    12.986        0   -21.676      0.0606777      0.0169425     56.4165115 Loose
      156        8      174.269      19.962  0.021965     8.015    25.715     158.563    13.963        0   -20.180      0.0828664      0.0473955     76.3255310 Loose
      161        6      174.804      26.351  0.023938    10.118    26.198     282.210    13.556        0   -20.730      0.1375528      0.0442034    104.9629898 Loose
      166        4      176.119      20.094  0.025173     2.294    23.399     307.740    13.646        0   -20.655      0.0379820      0.0111932     25.0197067 Loose
      179        4      181.022       2.434  0.084138     2.818    24.820     422.438    14.422        0   -22.841      0.1623447      0.0348526    101.2951584 Loose
      180        4      181.411      31.043  0.024416     5.263    25.868     280.464    14.465        0   -19.908      0.0689919      0.0223090     55.6799698 Loose
      184        4      182.657      17.876  0.024574     2.482    23.950     288.120    13.985        0   -20.459      0.0313368      0.0098637     26.4315147 Loose
      185        4      182.737      30.868  0.075217     1.573    23.854     307.784    14.719        0   -22.224      0.0751397      0.0221403     50.6487350 Loose
      186        8      183.195      66.698  0.058839     5.689    26.105     408.953    14.760        0   -21.634      0.1071552      0.0237629    143.8680420 Loose
      188        4      183.322      21.666  0.025783     3.800    24.216     235.722    13.050        0   -21.423      0.0576830      0.0221926     42.4381523 Loose
      190        5      183.853      59.975  0.060234     2.123    24.000     159.268    14.555        0   -21.896      0.0571298      0.0325306     54.9516144 Loose
      194        4      184.634      48.863  0.045580     3.320    24.752     148.154    13.994        0   -21.814      0.0783493      0.0479600     65.2523499 Loose
      196        4      184.921      12.420  0.060218     3.393    24.607     229.541    13.832        0   -22.630      0.1099373      0.0434355     87.8030014 Loose
      199        4      185.588      28.810  0.064957     2.735    24.699     283.417    14.539        0   -22.119      0.1235689      0.0395406     76.2371445 Loose
      202        4      186.627       9.071  0.026097     6.253    24.540     154.282    13.011        0   -21.542      0.0831123      0.0488551     70.6886292 Loose
      206        4      187.733      51.349  0.044653     1.823    23.465     355.243    14.305        0   -21.443      0.0391021      0.0099824     35.0995979 Loose
      207        4      188.742      50.846  0.040545     5.681    25.451      90.714    13.530        0   -21.982      0.0994353      0.0994090     99.4341888 Loose
      209        4      188.907      35.359  0.061767     3.463    25.429      69.389    14.631        0   -21.864      0.1305714      0.1706529     91.8669968 Loose
      210        5      189.039      16.645  0.079946     0.754    21.928     739.389    14.415        0   -22.683      0.0300941      0.0036912     25.7864380 Loose
      216        4      191.322       1.818  0.048950     2.710    24.086     159.954    13.588        0   -22.357      0.0693142      0.0392995     57.1501770 Loose
      217        4      191.669       9.849  0.025241     8.025    26.141     100.703    13.716        0   -20.712      0.1025629      0.0923648     87.7579956 Loose
      218        4      193.188      45.756  0.062739     3.293    25.456     203.317    14.737        0   -21.792      0.1043046      0.0465252     88.7272644 Loose
      222        4      194.715      27.800  0.020191     1.780    23.096     459.338    13.919        0   -20.092      0.0236864      0.0046766     15.5864429 Loose
      224        4      195.324      27.862  0.019767     6.481    24.798     258.524    12.691        0   -21.151      0.0926331      0.0324956     55.5715637 Loose
      237        6      201.971      34.334  0.035065     5.502    25.360     315.008    14.087        0   -21.096      0.0820562      0.0236237     83.4015808 Loose
      241        6      203.773      13.776  0.024120    17.546    26.269     220.200    12.682        0   -21.668      0.1938897      0.0798539    183.4031372 Loose
      246        4      204.189      24.998  0.075517     2.961    24.830     344.681    14.233        0   -22.729      0.1151074      0.0302862     95.7189789 Loose
      248        4      204.629      26.749  0.030036     4.760    24.994     268.092    13.427        0   -21.367      0.0743979      0.0251673     61.8755112 Loose
      252        4      205.106       5.056  0.023990     5.297    25.527     132.414    13.786        0   -20.573      0.0834425      0.0571493     55.0750122 Loose
      253        4      205.187      25.953  0.029679     6.752    25.995     524.052    13.723        0   -21.092      0.0868335      0.0150270     86.7250290 Loose
      254        4      205.278      30.370  0.041048     3.876    24.924     102.798    13.868        0   -21.709      0.0744385      0.0656710     68.6873703 Loose
      259        4      206.362      56.637  0.035441     8.151    26.225     125.283    13.321        0   -21.897      0.1331393      0.0963768    124.8610458 Loose
      262        5      207.730       2.323  0.033984     4.618    25.184     224.199    14.192        0   -20.892      0.0615214      0.0248858     67.8595886 Loose
      263        5      208.042       2.404  0.024630     9.457    25.496     180.602    12.435        0   -21.970      0.0973646      0.0488920    100.9317398 Loose
      268        4      209.191      23.253  0.063263     4.093    25.203     662.677    13.761        0   -22.824      0.1530050      0.0209394    111.1714096 Loose
      276        4      211.471      65.739  0.031397     5.855    25.223      99.773    13.366        0   -21.633      0.0806013      0.0732638     79.5246658 Loose
      278        5      211.747       0.851  0.049015     4.288    25.923     335.077    14.624        0   -21.311      0.1489479      0.0403134     90.5584641 Loose
      279        4      212.319      55.244  0.042587     5.086    25.954     113.290    14.309        0   -21.308      0.1217630      0.0974726     93.4734344 Loose
      282        5      213.708      60.009  0.036843     5.506    24.980     345.042    13.473        0   -21.838      0.1025074      0.0269428     87.6485672 Loose
      309        4      223.075      -0.260  0.044137     4.184    25.165     171.805    14.217        0   -21.492      0.0987409      0.0521218     79.6624069 Loose
      310        4      223.234      16.697  0.044564     0.788    21.608     433.027    14.193        0   -21.617      0.0248124      0.0051965     15.1429539 Loose
      311        5      223.407       3.008  0.028634     8.645    25.878     282.047    13.130        0   -21.612      0.1474482      0.0474108    107.1673737 Loose
      314        5      224.133       6.460  0.046646     3.979    25.045      47.253    14.271        0   -21.584      0.1233155      0.2366729     80.0101852 Loose
      315        4      224.514       1.511  0.044152     5.204    26.024     328.416    14.418        0   -21.275      0.1034896      0.0285780     99.0996170 Loose
      323        4      226.618       9.662  0.044968     4.094    25.190     182.747    14.087        0   -21.665      0.1251516      0.0621076     79.3958740 Loose
      325        5      226.922      14.651  0.045077     3.464    24.773     195.181    14.575        0   -21.181      0.0774800      0.0360008     67.3372345 Loose
      330        4      228.922       8.314  0.034820     3.407    24.893     123.036    14.111        0   -21.050      0.0790498      0.0582679     51.2888031 Loose
      334        4      230.087       3.477  0.037227     7.047    25.284     201.677    12.988        0   -22.360      0.1823072      0.0819798    113.3411484 Loose
      337        4      231.309      48.442  0.037448     3.842    24.900     313.451    14.103        0   -21.360      0.1024853      0.0296518     62.1606331 Loose
      338        4      231.892      18.623  0.054783     6.166    26.204     534.701    13.993        0   -22.217      0.2055582      0.0348645    145.3289185 Loose
      340        4      232.290      29.659  0.066387     2.577    24.351     495.736    14.277        0   -22.373      0.0876314      0.0160313     73.4080734 Loose
      341        4      232.360       7.577  0.043909     5.151    24.745     198.695    12.948        0   -22.775      0.1145903      0.0523022     97.5623856 Loose
      348        4      235.158      -0.132  0.078575     3.674    25.844     177.951    14.669        0   -22.386      0.1810423      0.0922656    123.4931946 Loose
      349        4      235.511      48.507  0.038176     7.399    26.199     251.274    13.789        0   -21.608      0.1289049      0.0465244    122.0092545 Loose
      351        4      235.853      22.753  0.034653     4.972    25.402     162.312    13.664        0   -21.507      0.0939637      0.0525011     74.4788361 Loose
      357        4      238.668      39.764  0.032904     2.211    23.857     196.972    14.307        0   -20.768      0.0400650      0.0184467     31.4659214 Loose
      361        6      239.924      31.795  0.055772     3.600    25.293     281.399    14.715        0   -21.532      0.0925293      0.0298205     86.3695221 Loose
      363        4      240.756      33.135  0.054689     3.128    24.606     301.002    14.166        0   -22.047      0.0943328      0.0284218     73.6049347 Loose
      370        6      241.966      38.975  0.038200     6.663    25.730     344.918    13.727        0   -21.690      0.1028601      0.0270452    109.9400253 Loose
      371        4      242.732      52.453  0.063745     2.571    24.035     631.494    13.609        0   -22.946      0.1040032      0.0149361     70.3716965 Loose
      385        5      247.199      25.548  0.040260     6.379    25.862     115.374    14.143        0   -21.366      0.1613556      0.1268340    110.8755646 Loose
      395        5      251.799      33.933  0.067020     1.582    23.539     360.916    14.273        0   -22.412      0.0551288      0.0138526     45.4925880 Loose
      397        5      253.055      23.352  0.035838     6.494    25.436     253.774    13.190        0   -22.057      0.1538439      0.0549783    100.5855865 Loose
      400        4      255.021      37.804  0.063614     4.393    25.699     168.323    14.470        0   -22.077      0.1388937      0.0748341    119.9878006 Loose
      401        5      255.134      24.414  0.047888     4.054    25.620      84.270    14.583        0   -21.326      0.1236709      0.1330921     83.6598892 Loose
      403        5      255.996      25.051  0.038237     3.677    24.287     168.845    13.520        0   -21.934      0.0777233      0.0417467     60.7375870 Loose
      404        4      256.052      38.869  0.034912     2.810    24.484     165.892    14.601        0   -20.572      0.0568130      0.0310586     42.4048805 Loose
      405        4      256.308      23.161  0.030892     6.550    25.781     143.950    13.720        0   -21.202      0.1473411      0.0928262     87.5547256 Loose
      408        5      120.931      10.000  0.035082     6.233    25.505     125.469    13.372        1   -21.830      0.1358310      0.0981794     94.5206070 Loose
      414        4      144.965      16.783  0.049932     2.836    24.306     308.701    14.158        1   -21.830      0.0948566      0.0278669     60.9957123 Loose
      415        5      155.544      17.831  0.028055     6.921    25.780     392.270    14.469        1   -20.260      0.0671700      0.0155292     84.0702515 Loose
      416        4      158.264      12.062  0.033627     5.087    25.477      42.726    13.984        1   -21.128      0.1103011      0.2341265     73.9621811 Loose
      418        5      162.391      16.253  0.022665     5.171    24.433     340.109    13.220        1   -21.105      0.0700174      0.0186701     50.8080559 Loose
      419        4      165.036      24.184  0.044661     5.492    26.171     190.701    14.257        1   -21.487      0.1541351      0.0733007    105.7845917 Loose
      422        4      172.229      52.252  0.048258     2.695    24.807     293.160    14.484        1   -21.481      0.0817597      0.0252926     56.0450134 Loose
      426        4      182.016       9.768  0.070482     3.357    25.025     256.812    14.424        1   -22.379      0.1114948      0.0393729    101.4045639 Loose
      435        4      206.183      40.456  0.076348     2.432    24.687     332.465    14.397        1   -22.583      0.1236917      0.0337406     79.4565277 Loose
      439        5      213.299      27.345  0.055761     3.136    24.986     191.932    14.617        1   -21.656      0.0895655      0.0423207     75.2258224 Loose
      444        5      221.921       9.599  0.029563     7.338    26.120     149.422    14.143        1   -20.689      0.0957120      0.0580914     93.8975220 Loose
      447        6      223.602      49.394  0.037633     5.309    25.794     292.050    14.436        1   -20.920      0.1173868      0.0364520     86.3206863 Loose
      449        4      226.662       9.448  0.028384     4.200    25.909      80.687    14.585        1   -20.160      0.0553175      0.0621752     51.6126595 Loose
      453        7      237.045       9.131  0.041120     6.933    25.843     411.421    13.946        1   -21.614      0.1176687      0.0259378    123.0615616 Loose
      457        4      243.614      50.471  0.059727     2.574    24.632     181.716    14.422        1   -22.017      0.0719309      0.0358990     66.0720825 Loose
      459        4      244.410      50.641  0.041362     4.748    25.610     552.432    14.146        1   -21.441      0.0991795      0.0162818     84.7610397 Loose
      460        5      245.283      13.159  0.034352     3.715    24.912     247.585    14.328        1   -20.778      0.0790424      0.0289531     55.1713829 Loose
      462        5      250.332      13.424  0.050796     4.130    24.858     268.188    13.764        1   -22.276      0.1120633      0.0378952     90.3463287 Loose
        1        4      114.842      45.103  0.078292     2.620    25.018     348.679    14.719        0   -22.375      0.1433106      0.0372745     87.7565994 Field
        3        4      117.288      21.762  0.024476     9.769    26.134     136.700    13.359        0   -21.047      0.1754406      0.1163915    103.6088181 Field
        7        4      119.959      18.425  0.042135     3.291    25.048     393.528    14.272        0   -21.333      0.0917726      0.0211493     59.8356705 Field
        8        4      119.969      24.037  0.047932     3.174    24.845     125.703    14.303        0   -21.593      0.0884676      0.0638258     65.5742416 Field
       12        4      120.805       8.230  0.051395     5.070    25.534     364.532    14.014        0   -22.098      0.1508181      0.0375213    112.2107086 Field
       13        6      121.292      46.720  0.023119     9.662    26.292     176.800    13.211        0   -21.056      0.0509038      0.0261112     96.8225479 Field
       15        8      121.735      19.795  0.038854     9.608    26.325     480.834    13.744        0   -21.629      0.1606122      0.0302930    161.2266388 Field
       18        4      124.236      27.607  0.040713     5.506    26.195      67.990    14.579        0   -20.958      0.1286210      0.1715629     96.7738037 Field
       22        8      126.778      18.005  0.058495     4.348    25.199     338.741    14.635        0   -21.743      0.0972077      0.0260251    109.3269882 Field
       24        4      127.927      39.668  0.057860     1.748    23.791     361.103    14.756        0   -21.590      0.0455683      0.0114443     43.4886665 Field
       25        4      128.713      44.633  0.037984     5.716    26.183     144.009    14.213        0   -21.174      0.0987712      0.0622014     93.7847977 Field
       26        4      129.087      54.008  0.031324     5.409    25.828     231.775    13.863        0   -21.051      0.1141102      0.0446495     73.3005753 Field
       28        4      130.625      52.782  0.045514     5.593    25.405     116.481    13.422        0   -22.347      0.1230574      0.0958101    109.7580948 Field
       30        5      131.451      53.977  0.030977     5.341    25.210     156.946    13.549        0   -21.406      0.0560942      0.0324135     71.5927048 Field
       31        4      132.507       2.611  0.060467     5.496    26.174     133.067    14.202        0   -22.226      0.1778920      0.1212398    142.7764130 Field
       32        5      132.598      55.399  0.031202     8.708    25.984     224.194    13.231        0   -21.704      0.1128106      0.0456336    117.5636139 Field
       33        4      132.682       1.325  0.043193     3.089    24.393      68.035    14.111        0   -21.582      0.0587221      0.0782761     57.5590134 Field
       36        4      134.552      17.577  0.049512     6.109    26.139     295.970    13.943        0   -22.055      0.1777335      0.0544604    130.2971039 Field
       37        5      136.240      17.455  0.029005     3.758    24.103     335.047    13.130        0   -21.714      0.0502642      0.0136054     47.1869812 Field
       40        5      137.510      50.358  0.016991    13.107    25.779     179.537    12.631        0   -20.897      0.1003957      0.0507130     96.6575699 Field
       43        4      139.185      27.367  0.047856     2.571    24.644     432.808    14.584        0   -21.343      0.0622578      0.0130454     53.0171852 Field
       44        4      139.219      43.701  0.029333     2.536    23.778     514.923    13.825        0   -21.152      0.0366797      0.0064602     32.1952324 Field
       48        4      140.915      24.479  0.034653     5.389    25.323     350.234    13.577        0   -21.642      0.1161615      0.0300790     80.7353745 Field
       49        4      141.229      42.152  0.048164     2.561    24.712     517.897    14.392        0   -21.537      0.0542119      0.0094932     53.1597977 Field
       53        5      142.451      21.429  0.035077     6.959    25.793     159.649    13.890        0   -21.320      0.0805141      0.0457368    105.5219574 Field
       54        4      143.804      24.597  0.062298     2.189    24.531     226.716    14.534        0   -21.975      0.0667782      0.0267123     58.5553322 Field
       55        5      144.433      17.083  0.028685     6.357    26.070     400.455    14.302        0   -20.443      0.1021992      0.0231448     78.9434586 Field
       56        5      144.441      23.184  0.025997     7.815    25.857     111.804    13.688        0   -20.838      0.1288359      0.1045056     88.0096207 Field
       57        4      145.466      14.954  0.026852     3.390    24.729     196.805    14.057        0   -20.522      0.0503211      0.0231886     39.4274330 Field
       58        5      145.623       4.293  0.029997     8.371    25.925     273.703    13.156        0   -21.691      0.1268774      0.0420400    108.6749496 Field
       59        4      145.967      11.028  0.022112     6.965    25.447     206.422    13.267        0   -20.850      0.0929805      0.0408503     66.7648468 Field
       62        5      146.723      22.071  0.026037    10.681    25.583     160.044    12.775        0   -21.737      0.1085067      0.0614859    120.4591217 Field
       63        4      147.415      34.680  0.039793     6.563    25.304      91.842    12.987        0   -22.489      0.2019217      0.1993896    112.7713547 Field
       64        4      147.441       9.084  0.018945    10.461    25.915     213.232    13.059        0   -20.723      0.0886902      0.0377209     85.9779968 Field
       65        4      147.584      25.806  0.054059     6.526    26.293     335.489    14.195        0   -21.923      0.2152234      0.0581796    151.8096771 Field
       68        6      148.307       7.837  0.041758     5.465    25.747     227.326    14.572        0   -21.035      0.1358556      0.0541986     98.4872894 Field
       70        4      149.096      37.633  0.023408     5.667    25.746     111.861    14.182        0   -20.145      0.0774962      0.0628289     57.4964180 Field
       75        6      151.277      46.702  0.025054     6.733    25.760     236.913    13.955        0   -20.472      0.1096107      0.0419588     73.0864182 Field
       77        4      151.406       0.588  0.022261     8.486    25.650     126.185    13.512        0   -20.650      0.0920276      0.0661409     81.8948669 Field
       80        4      153.527      14.457  0.030741     9.423    25.961     143.617    13.399        0   -21.521      0.1280312      0.0808479    125.3373413 Field
       81        6      153.804      60.142  0.072774     2.795    24.548     324.665    14.585        0   -22.317      0.0839128      0.0234397     87.1414032 Field
       82        4      154.469      37.165  0.045320     5.994    26.268     183.603    14.082        0   -21.686      0.1252528      0.0618683    117.1383820 Field
       86        4      155.276       0.656  0.055187     3.240    25.337     212.650    14.565        0   -21.722      0.1230616      0.0524826     76.9253998 Field
       89        4      156.124      41.716  0.045943     3.442    24.470     710.808    13.568        0   -22.214      0.0987017      0.0125931     68.1772232 Field
       90        4      156.212       9.577  0.046883     2.264    23.970      40.369    14.097        0   -21.773      0.0487935      0.1096155     45.7613373 Field
       91        4      156.412      10.364  0.047487     5.129    25.930     357.672    14.299        0   -21.555      0.1220413      0.0309443    104.9728088 Field
       92        5      156.469      13.729  0.032938     3.354    23.944     219.522    13.571        0   -21.507      0.0605121      0.0249990     47.7842598 Field
       94        5      156.758      16.074  0.034685     6.827    25.267     174.533    13.552        0   -21.622      0.1078814      0.0560568    102.3702621 Field
       95        4      156.893       1.218  0.023396     5.461    25.054     100.423    13.549        0   -20.755      0.0623013      0.0562629     55.3787117 Field
       98        4      157.288      37.562  0.051462     4.873    26.065      92.552    14.439        0   -21.624      0.1531276      0.1500474    107.9922104 Field
       99        4      157.580      21.191  0.043576     4.328    25.284     180.988    13.844        0   -21.839      0.1084095      0.0543222     81.3549957 Field
      103        4      158.754       4.804  0.031070     3.852    25.404     192.152    14.329        0   -20.548      0.0958662      0.0452459     51.7821960 Field
      105        4      159.170       5.538  0.030780     4.581    25.463     246.459    14.077        0   -20.867      0.0842013      0.0309837     61.0131378 Field
      106        4      159.817      -0.305  0.019944    12.739    26.184      37.480    12.528        0   -21.404      0.1689509      0.4088081    110.2041245 Field
      108        4      160.829      57.681  0.046905     4.595    25.920     156.162    14.332        0   -21.508      0.1388844      0.0806562     92.9149323 Field
      109        4      160.943      55.795  0.026716     4.183    25.096     137.747    14.412        0   -20.203      0.0619203      0.0407670     48.4022675 Field
      111        5      162.307      29.856  0.032533     6.732    25.978      47.751    13.810        0   -21.205      0.1215078      0.2307695     94.7302551 Field
      115        4      164.292       5.079  0.057789     4.101    25.941     297.490    14.735        0   -21.549      0.1464429      0.0446431    101.8827744 Field
      117        4      164.814       5.242  0.036986     6.036    25.868     378.260    13.725        0   -21.566      0.1374971      0.0329657     96.4557190 Field
      121        4      166.210       4.294  0.026376     4.308    24.429      75.405    13.337        0   -21.216      0.0549769      0.0661210     49.2185707 Field
      123        4      166.705      14.225  0.046457     2.762    24.264     555.866    14.027        0   -21.800      0.0796168      0.0129895     55.3136635 Field
      125        4      167.105      31.981  0.048668     4.790    25.527     194.681    14.451        0   -21.470      0.1084905      0.0505391    100.4378357 Field
      127        4      167.471      21.961  0.033897     5.002    25.500     324.508    14.310        0   -20.731      0.0903371      0.0252464     73.3128891 Field
      128        4      167.508      36.979  0.030704     4.741    24.699     193.058    13.863        0   -21.067      0.0966987      0.0454248     62.9876633 Field
      138        5      170.227       0.462  0.025555     9.030    26.035      52.071    13.856        0   -20.617      0.1061671      0.1849070     99.9695435 Field
      140        6      170.643      59.297  0.050747     2.391    24.696     238.909    14.669        0   -21.428      0.0873405      0.0331545     52.2448387 Field
      144        6      171.339      32.292  0.045048     6.598    25.796     172.926    14.314        0   -21.452      0.1436955      0.0753602    128.1713409 Field
      146        5      171.630      54.786  0.047431     1.632    23.697     103.918    14.732        0   -21.162      0.0414881      0.0362068     33.3720284 Field
      147        4      171.926      36.079  0.035423     4.084    24.654      68.082    13.600        0   -21.628      0.0998537      0.1330125     62.5302658 Field
      149        5      173.166      52.940  0.027669     2.100    23.247     107.215    14.102        0   -20.591      0.0228391      0.0193190     25.1647358 Field
      150        4      173.340      34.291  0.029352     4.620    24.899     661.627    13.911        0   -20.927      0.0620887      0.0085106     58.6967468 Field
      151        4      173.642      18.393  0.084869     4.534    25.904     268.969    14.419        0   -22.796      0.1930595      0.0650950    164.3490601 Field
      157        4      174.277       2.820  0.030480     3.115    24.932      59.307    14.406        0   -20.482      0.0593062      0.0906892     41.0860252 Field
      158        4      174.491      11.221  0.036779     5.827    26.100      33.614    14.147        0   -21.162      0.1429148      0.3855856     92.6078110 Field
      159        6      174.514      47.428  0.034376     6.661    25.273     162.066    13.568        0   -21.570      0.1264299      0.0707486     98.9942245 Field
      160        5      174.621      20.479  0.026806     6.799    25.473     308.228    13.251        0   -21.345      0.0612887      0.0180330     78.9337692 Field
      162        5      175.545      10.315  0.021637     8.822    24.615     164.533    12.526        0   -21.704      0.0972502      0.0536040     82.7678299 Field
      164        6      175.867      -1.644  0.045400     5.472    25.365     367.717    13.546        0   -22.260      0.1404885      0.0346486    107.1335983 Field
      169        4      176.625      35.745  0.036815     4.897    25.649      24.816    14.495        0   -20.820      0.0844416      0.3085969     77.8975296 Field
      170        4      176.860      52.453  0.048578     4.687    25.719     172.766    14.680        0   -21.269      0.1223795      0.0642406     98.1108856 Field
      173        4      179.044      60.474  0.033180     7.849    25.287     140.390    12.524        0   -22.581      0.1486081      0.0959990    112.6278458 Field
      175        4      179.247       1.119  0.040576     3.461    25.271      67.930    14.567        0   -20.970      0.0815347      0.1088530     60.6192245 Field
      176        7      179.650      28.362  0.029104    11.423    26.301     233.443    13.570        0   -21.215      0.1760368      0.0683883    143.9089508 Field
      178        4      180.344      53.478  0.051352     4.088    25.364     170.794    14.152        0   -21.893      0.0922984      0.0490094     90.4058075 Field
      182        4      182.244      29.241  0.013770     9.134    25.187     133.712    12.671        0   -20.433      0.0597252      0.0405087     54.6233215 Field
      189        5      183.548      13.552  0.044015     4.808    25.648     153.070    14.164        0   -21.556      0.0491063      0.0290941     91.2876663 Field
      191        6      184.243      44.098  0.067537     5.246    26.180     179.676    14.609        0   -22.039      0.1260474      0.0636213    151.9760437 Field
      198        4      185.509      26.363  0.051266     5.727    25.987     141.839    14.074        0   -21.965      0.1588615      0.1015740    126.4191666 Field
      200        5      185.903      58.403  0.015616    10.390    25.195     100.264    12.111        0   -21.314      0.0720617      0.0651804     70.4366913 Field
      208        5      188.783      47.297  0.031582     5.546    26.254      80.477    14.442        0   -20.526      0.0773759      0.0871949     75.7764130 Field
      211        4      189.114      48.535  0.039934     3.996    24.888     327.976    13.902        0   -21.597      0.0943814      0.0260978     68.9064407 Field
      215        4      191.039       9.042  0.048025     4.811    26.045     246.191    14.561        0   -21.387      0.1267241      0.0466817     99.5779037 Field
      220        5      194.210      30.717  0.025398     9.077    26.193     331.201    13.497        0   -20.949      0.0775515      0.0212353     99.8701859 Field
      225        4      195.492      27.626  0.025814     5.073    24.473     703.708    12.740        0   -21.878      0.0648583      0.0083586     56.7328720 Field
      226        4      195.881      47.417  0.024972     8.366    26.304     150.393    13.589        0   -20.862      0.1225202      0.0738820     90.5138168 Field
      227        4      197.098       4.371  0.025167     4.912    26.206      38.828    14.641        0   -19.821      0.0536995      0.1254267     53.5559464 Field
      231        4      198.106      11.708  0.031976     4.636    24.947     254.800    13.340        0   -21.657      0.0794630      0.0282829     64.1216125 Field
      233        4      199.631       7.967  0.045040     4.711    25.529     208.466    13.962        0   -21.822      0.1133648      0.0493176     91.5146103 Field
      234        5      199.704      30.825  0.032295     7.031    25.750     249.940    14.037        0   -21.045      0.1367938      0.0496352     98.2132645 Field
      235        4      199.723      43.244  0.052744     3.024    24.801     107.295    14.616        0   -21.493      0.1096260      0.0926606     68.6519165 Field
      236        4      201.181      52.991  0.030645     6.678    25.785      34.888    13.509        0   -21.389      0.1229296      0.3195510     88.5512238 Field
      238        4      202.976      -2.872  0.086832     1.186    23.376     394.931    14.684        0   -22.628      0.0723408      0.0166120     43.9565697 Field
      239        4      202.982      44.101  0.035117     6.388    26.063     168.749    14.068        0   -21.130      0.1241835      0.0667392     96.9606171 Field
      240        4      203.496       3.317  0.022982     4.599    24.241     317.606    12.702        0   -21.559      0.0638806      0.0182406     45.8172646 Field
      242        5      203.938      13.368  0.043328     6.317    25.566     124.618    14.131        0   -21.568      0.1846705      0.1343933    118.0859146 Field
      245        4      204.057      42.012  0.062439     4.630    26.046     277.386    14.339        0   -22.179      0.1787704      0.0584481    124.1500244 Field
      247        4      204.323      55.714  0.064669     5.396    26.267     311.062    14.329        0   -22.283      0.1608711      0.0469019    149.7723541 Field
      249        5      204.682      57.283  0.069319     3.852    25.173     572.244    14.400        0   -22.368      0.0506143      0.0080214    114.4760132 Field
      250        4      204.938      30.054  0.034964     8.488    26.227     152.901    14.011        0   -21.197      0.1607875      0.0953677    128.2863922 Field
      251        4      204.944      27.383  0.035857     4.278    26.046     196.782    14.529        0   -20.718      0.1113102      0.0512990     66.2887421 Field
      255        6      205.301      52.094  0.060489     6.369    26.233     317.589    14.322        0   -22.136      0.1585879      0.0452859    165.5158997 Field
      256        4      205.743      49.058  0.063310     3.439    25.332     124.785    14.369        0   -22.180      0.0934866      0.0679433     93.4822617 Field
      257        4      206.092      20.362  0.027776     5.836    25.522      67.978    13.774        0   -20.898      0.0862754      0.1151004     70.1906052 Field
      260        4      206.574      17.959  0.027664     5.258    26.277     171.700    14.386        0   -20.276      0.0995197      0.0525652     62.9856606 Field
      261        5      206.696      22.733  0.028356     8.265    26.152     349.837    13.754        0   -20.966      0.0794564      0.0205979    101.4658813 Field
      271        4      209.915      59.279  0.036353     6.114    25.826     196.298    13.762        0   -21.513      0.1366960      0.0631539     96.0490952 Field
      272        6      210.139      -2.860  0.025340     6.131    24.380     321.932    12.455        0   -22.049      0.0640151      0.0180334     67.3037949 Field
      274        4      210.551      45.563  0.065846     4.286    26.179     173.485    14.646        0   -22.001      0.1318232      0.0689111    121.0874405 Field
      281        4      213.581       2.965  0.026930     2.428    23.919     200.514    14.193        0   -20.417      0.0325497      0.0147218     28.3120213 Field
      284        5      214.794      45.900  0.027153     8.944    26.317     123.413    13.778        0   -20.804      0.1275969      0.0937645    105.1747055 Field
      285        4      214.794       7.063  0.026090     5.427    25.378     152.121    13.939        0   -20.596      0.0880601      0.0524989     61.3365822 Field
      286        5      214.853      35.108  0.029013     4.618    24.581      33.523    13.231        0   -21.543      0.0600598      0.1624814     57.9986992 Field
      287        4      215.179       5.460  0.028243     4.251    25.294      77.812    14.334        0   -20.372      0.0791852      0.0922906     51.9751854 Field
      289        4      216.251      27.823  0.038408     7.945    26.026     227.459    14.188        0   -21.214      0.1531501      0.0610623    131.8005676 Field
      292        5      217.386      35.532  0.029163     8.477    25.934     127.112    13.752        0   -21.010      0.1255681      0.0895883    107.0081024 Field
      295        4      217.974      16.804  0.048959     6.431    26.146      50.960    13.783        0   -22.185      0.2094428      0.3727285    135.6553345 Field
      300        4      219.429      15.895  0.037664     6.854    26.133      59.564    14.347        0   -21.015      0.1270348      0.1934198    111.5195694 Field
      301        4      219.595      23.381  0.031133     5.716    25.322     153.678    13.412        0   -21.513      0.0863557      0.0509610     76.9979706 Field
      302        4      219.689      56.027  0.043167     3.737    25.737      52.291    14.719        0   -20.948      0.0978691      0.1697381     69.6002960 Field
      303        4      219.962      21.568  0.040575     4.855    25.608      73.030    14.327        0   -21.197      0.0930725      0.1155797     85.0472183 Field
      306        4      221.800      20.275  0.043863     4.287    25.830     210.335    14.727        0   -20.985      0.0825476      0.0355920     81.1113510 Field
      308        5      222.525       0.576  0.040531     4.827    25.538     132.954    14.281        0   -21.246      0.1208020      0.0824007     84.4573669 Field
      312        6      223.441       0.038  0.044566     6.365    25.989     336.626    14.384        0   -21.235      0.0883628      0.0238057    122.3385925 Field
      313        4      224.019      18.064  0.054238     4.230    25.778     296.176    14.415        0   -21.797      0.1023173      0.0313299     98.7269516 Field
      316        4      224.871      16.628  0.034076    10.219    26.182      97.065    12.848        0   -22.282      0.1535632      0.1434774    150.5578461 Field
      317        4      225.235       8.589  0.056083     3.145    25.135     343.217    14.321        0   -21.954      0.0945405      0.0249809     75.8532562 Field
      318        5      225.753      -2.552  0.040401     3.618    25.451     126.947    14.597        0   -20.937      0.0721253      0.0515258     63.1143608 Field
      321        4      226.519       3.682  0.036453     5.019    24.802     217.050    13.815        0   -21.495      0.0932740      0.0389726     79.0560074 Field
      322        4      226.567      46.351  0.037043     4.427    25.694     110.270    14.258        0   -21.045      0.0941068      0.0773965     70.8595123 Field
      324        4      226.687       3.817  0.036759     5.402    25.651     574.350    14.159        0   -21.077      0.1394278      0.0220157     85.7960968 Field
      327        4      227.463       1.374  0.028754     5.590    25.877      98.991    14.386        0   -20.380      0.0863486      0.0791075     69.5843201 Field
      329        5      227.846      11.355  0.046348     5.289    25.789     231.910    14.361        0   -21.478      0.1615354      0.0631695    105.6747742 Field
      332        4      229.626      58.392  0.059284     3.680    25.475     668.047    14.571        0   -21.823      0.1115783      0.0151472     93.7768555 Field
      343        6      233.217      44.557  0.037592     8.998    26.229     179.698    13.988        0   -21.331      0.1276907      0.0644428    146.1233063 Field
      344        4      233.474      32.814  0.064399     2.875    24.870     216.581    14.352        0   -22.229      0.0870673      0.0364580     79.4774551 Field
      345        5      233.938       3.361  0.044875     2.833    24.926     142.812    14.759        0   -21.000      0.0839654      0.0533205     54.8334541 Field
      347        4      234.402      14.362  0.052537     3.804    25.427     185.783    14.338        0   -21.748      0.1213933      0.0592580     86.0392532 Field
      354        4      236.131      25.348  0.032453     7.945    25.844      69.942    12.997        0   -22.018      0.1164237      0.1509606    111.5239258 Field
      358        6      239.154      41.915  0.035475     4.613    25.211     302.431    14.005        0   -21.179      0.0694132      0.0208149     70.7263184 Field
      359        6      239.160      46.368  0.040456     6.954    25.819     655.854    14.057        0   -21.455      0.1234875      0.0170756    121.4636688 Field
      372        4      243.084      28.477  0.053351     6.736    26.212      21.382    14.194        0   -21.961      0.2022292      0.8577403    154.6853180 Field
      374        4      243.219      11.121  0.041943     4.795    25.100     403.201    13.605        0   -22.043      0.0880549      0.0198058     86.7908859 Field
      376        4      243.408      51.443  0.050451     4.194    25.603     177.549    14.659        0   -21.357      0.0986201      0.0503740     91.1249008 Field
      379        4      245.258      21.326  0.032112     4.550    25.518     190.138    13.985        0   -21.012      0.0689774      0.0329000     63.1972694 Field
      381        4      246.456      43.963  0.031735     3.097    24.491     104.513    14.441        0   -20.525      0.0425247      0.0369002     42.5181503 Field
      383        4      246.645      33.500  0.051496     2.812    25.220     148.584    14.676        0   -21.395      0.0996083      0.0607971     62.3553467 Field
      386        4      247.207      21.525  0.036962     5.657    25.798     255.787    13.757        0   -21.541      0.1242055      0.0440374     90.3513947 Field
      393        4      249.473      36.055  0.032117     7.614    25.094     204.356    12.699        0   -22.250      0.1084696      0.0481372    105.7778702 Field
      394        4      251.171      38.915  0.038366     6.503    26.276     266.812    14.152        0   -21.308      0.1153199      0.0391974    107.7712021 Field
      398        4      253.543      39.792  0.033443     7.905    25.906     272.701    13.093        0   -22.013      0.1560789      0.0519060    114.3194504 Field
      399        4      254.365      40.717  0.029995     4.975    24.651     256.493    13.723        0   -21.162      0.0749642      0.0265056     64.5837097 Field
      402        6      255.228      39.572  0.034436     7.232    25.859     197.813    13.483        0   -21.660      0.1185986      0.0543731    107.6678543 Field
      406        6      256.452      22.275  0.049110     8.897    26.309     183.452    13.909        0   -22.077      0.1697347      0.0839087    188.2576141 Field
      407        7      119.112      44.083  0.047877     6.842    25.751     365.085    14.290        1   -21.542      0.1109200      0.0275534    141.1775513 Field
      409        4      129.291      47.168  0.052551     3.980    25.394     113.845    14.548        1   -21.588      0.1244893      0.0991690     90.0415421 Field
      411        4      138.551       7.076  0.057191     6.262    26.284      99.982    14.305        1   -22.015      0.1688954      0.1531991    153.9998627 Field
      413        5      144.109      59.400  0.041332     3.250    25.311     130.936    14.595        1   -20.964      0.0490598      0.0339802     57.9862595 Field
      417        6      158.494      59.413  0.044972     7.142    25.830     316.626    13.907        1   -21.905      0.1333447      0.0381934    138.5074921 Field
      420        4      167.654      10.089  0.048069     4.614    25.762      64.255    14.463        1   -21.454      0.1352085      0.1908351     95.5844727 Field
      421        4      170.201      46.837  0.054343     5.027    25.709     146.606    14.371        1   -21.823      0.1315086      0.0813507    117.5512772 Field
      423        6      172.503      44.184  0.045542     7.065    26.323     200.637    14.247        1   -21.574      0.1390112      0.0628345    138.7395477 Field
      425        4      178.190      20.193  0.051086     6.137    26.124     309.141    14.168        1   -21.871      0.1376072      0.0403686    135.0062103 Field
      428        4      186.892      50.399  0.040929     4.599    25.509     341.408    14.038        1   -21.493      0.0970567      0.0257817     81.2567978 Field
      431        7      199.378      20.622  0.023709    10.576    25.847     148.123    13.489        1   -20.793      0.0888536      0.0544016    108.6730652 Field
      432        4      200.276      12.196  0.062273     6.438    26.328     231.939    14.181        1   -22.329      0.1788004      0.0699125    172.1700592 Field
      433        7      205.056      56.799  0.069660     3.418    24.987     515.427    14.592        1   -22.204      0.1222832      0.0215159    102.0647049 Field
      434        5      205.384      23.211  0.033191     5.404    25.246     301.695    14.097        1   -20.863      0.0916771      0.0275582     77.5632019 Field
      436        4      207.619      24.948  0.030552     4.064    24.741      90.490    13.834        1   -21.048      0.0602605      0.0603935     53.7311249 Field
      438        4      211.225      24.212  0.062808     4.612    25.905     347.023    14.531        1   -22.034      0.1493723      0.0390366    124.3831711 Field
      442        4      218.482      28.000  0.032258     8.995    26.143      83.076    13.703        1   -21.301      0.1432423      0.1563711    125.5164108 Field
      443        4      221.618      23.891  0.048737     4.701    25.755     543.013    14.508        1   -21.431      0.1592898      0.0266034     98.7155304 Field
      448        6      224.192      24.641  0.033766     7.658    26.252     184.998    14.320        1   -20.756      0.1462348      0.0716873    111.8116837 Field
      450        5      227.819      10.550  0.069568     4.680    25.863     174.555    14.615        1   -22.157      0.1343987      0.0698270    139.5864258 Field
      452        4      236.269      16.951  0.049082     3.583    24.791     564.096    13.772        1   -22.229      0.1185486      0.0190591     75.7712021 Field
      454        5      238.174      -0.528  0.078726     4.070    25.612     327.555    14.590        1   -22.470      0.1792282      0.0496229    137.0480347 Field
      458        7      243.981      38.537  0.034782     6.091    26.202     138.779    14.577        1   -20.570      0.1030470      0.0673399     91.5897980 Field
      461        4      247.547      36.247  0.075265     3.671    25.664     383.398    14.479        1   -22.477      0.1604934      0.0379636    118.2803345 Field
       45        4      139.228      29.355  0.037095     6.212    26.001     204.675    14.300        0   -21.026      0.1116874      0.0494878     99.5608139  VoiR
       73        4      151.012      31.098  0.022236    12.331    26.277     243.871    12.448        0   -21.662      0.1665419      0.0619330    118.8737869  VoiS
       85        4      154.841      49.084  0.056872     4.009    25.498     336.656    14.314        0   -21.889      0.1022105      0.0275339     98.0479965  VoiS
      100        7      157.811      25.954  0.021455    12.225    26.114     166.508    13.382        0   -20.770      0.1679278      0.0914631    113.7250900  VoiS
      104        4      158.940      21.071  0.023768     2.757    24.035     217.066    13.667        0   -20.743      0.0442696      0.0184958     28.3995647  VoiS
      132        4      168.044      35.454  0.025280     4.621    24.614     204.225    12.985        0   -21.518      0.0549212      0.0243888     50.6129494  VoiS
      133        4      168.171      23.270  0.023730     4.644    24.809     365.694    13.643        0   -20.653      0.0699800      0.0173547     47.7661629  VoiS
      135        4      168.367      59.928  0.036492     2.660    24.520     122.070    14.502        0   -20.785      0.0553986      0.0411574     41.9528847  VoiR
      139        6      170.591      24.309  0.026190     4.067    23.816     228.615    13.160        0   -21.383      0.0626631      0.0248581     46.1335716  VoiS
      192        4      184.295      41.358  0.047412     4.298    25.383     190.861    13.845        0   -22.033      0.1102113      0.0523683     87.8210373  VoiR
      193        4      184.480      21.914  0.052114     1.775    23.952     220.046    14.638        0   -21.475      0.0604092      0.0248971     39.8203850  VoiR
      195        6      184.653      40.438  0.068540     3.705    25.653     233.665    14.534        0   -22.164      0.1329075      0.0515841    108.9026184  VoiS
      197        4      185.069      56.139  0.034567     5.052    25.751     100.039    14.130        0   -21.028      0.1074530      0.0974108     75.4918823  VoiR
      204        4      187.154      53.635  0.036935     4.998    25.404     239.405    13.620        0   -21.694      0.1058939      0.0401141     79.7693939  VoiR
      214        4      190.688      48.580  0.040196     5.675    25.939     108.575    14.393        0   -21.106      0.1339675      0.1118998     98.4834137  VoiR
      230        5      197.705      56.631  0.081414     2.304    24.374     419.446    14.475        0   -22.661      0.0914459      0.0197719     80.2009506  VoiR
      258        4      206.163      37.187  0.027252     4.768    25.269      25.793    14.054        0   -20.578      0.0856587      0.3011775     56.2673683  VoiS
      267        7      209.145      23.354  0.067068     2.798    24.761     192.267    14.607        0   -22.082      0.0950687      0.0448427     80.4909210  VoiS
      273        4      210.443      38.684  0.019266     4.507    24.996     273.058    13.427        0   -20.498      0.0511698      0.0169949     37.6666031  VoiS
      275        5      210.726       9.367  0.020819     6.440    24.221     182.526    12.629        0   -21.374      0.0787298      0.0391177     58.1425400  VoiS
      288        4      215.679      40.367  0.018775     7.942    24.816     156.626    12.739        0   -21.057      0.0919108      0.0532184     64.6901398  VoiS
      296        4      218.485      40.160  0.026010    10.169    26.251     107.901    13.525        0   -20.995      0.2060382      0.1731730    114.5684586  VoiS
      298        4      219.045      21.829  0.018276     4.284    24.311     215.653    12.966        0   -20.912      0.0445090      0.0187176     33.9755096  VoiS
      305        4      221.147      40.806  0.024848     5.065    25.959     136.427    14.283        0   -20.204      0.0545451      0.0362589     54.5359726  VoiS
      319        5      226.143      17.716  0.038725     5.778    25.647     104.685    14.194        0   -21.221      0.0707529      0.0612942     96.6438217  VoiS
      339        4      232.044      42.968  0.018449     4.675    24.304     286.978    13.217        0   -20.589      0.0600297      0.0189704     37.4209785  VoiS
      346        6      234.147      43.396  0.019269    18.130    26.081     182.006    12.317        0   -21.527      0.1258275      0.0626975    151.5471039  VoiS
      350        5      235.626      23.751  0.023802    10.061    25.744     178.212    13.113        0   -21.124      0.1566946      0.0797399    103.7809448  VoiS
      412        6      143.449       1.628  0.073912     4.481    25.877     154.844    14.751        1   -22.162      0.1339768      0.0784681    141.8503723  VoiR
       29        4      130.857      36.219  0.053918     3.958    25.084     263.107    14.296        0   -21.872      0.1239636      0.0427289     91.8429184   FIl
       42        4      139.129      30.867  0.024047     8.376    25.509      73.143    12.779        0   -21.566      0.0901749      0.1118077     87.2886276   FIl
       50        4      141.615      22.100  0.026841     4.541    25.009      56.184    13.771        0   -20.823      0.0619773      0.1000413     52.7834435   FIl
       74        4      151.089       0.506  0.047548     3.568    25.129     241.973    14.355        0   -21.548      0.1181009      0.0442634     73.1188278   FIl
      102        4      158.563      56.713  0.044944     3.457    25.487     324.817    14.766        0   -21.009      0.0863631      0.0241129     67.0100861   FIl
      124        5      167.036      55.903  0.050675     4.563    25.735     222.015    14.375        0   -21.679      0.1135069      0.0463659     99.5960999   FIl
      129        4      167.781      39.608  0.079121     2.503    24.390     406.171    14.354        0   -22.722      0.1041967      0.0232651     84.6882172   FIl
      143        5      171.119      55.957  0.053552     7.660    26.155     274.227    14.053        0   -22.103      0.2616260      0.0865227    176.5554504   FIl
      168        4      176.524      20.419  0.024813     4.471    24.070     180.670    12.544        0   -21.822      0.0609778      0.0306086     48.0709648   FIl
      172        4      178.901      54.890  0.052253     3.155    24.569     371.348    14.093        0   -22.011      0.0953079      0.0232760     70.9844894   FIl
      177        4      179.886      55.529  0.080874     5.532    26.068     226.380    14.043        0   -23.097      0.2067938      0.0828437    191.2712555   FIl
      213        4      189.859      17.202  0.071863     2.087    24.408     816.856    14.550        0   -22.277      0.1016600      0.0112866     64.2546234   FIl
      221        4      194.373      27.489  0.025329     2.970    23.018     449.754    12.443        0   -22.026      0.0580438      0.0117042     32.5945511   FIl
      229        4      197.699      34.640  0.037737     5.596    25.827     174.225    14.096        0   -21.262      0.1354528      0.0705078     91.2349548   FIl
      264        4      208.233      24.535  0.056787     4.249    25.961     419.470    14.575        0   -21.761      0.1463251      0.0316357    103.7702408   FIl
      265        4      208.678      21.817  0.028546     7.579    25.862      40.090    13.517        0   -21.215      0.0963588      0.2179786     93.6606445   FIl
      266        5      209.024      24.638  0.064776     4.746    25.854     375.863    14.539        0   -22.036      0.1491048      0.0359767    131.9453125   FIl
      283        4      213.815       4.924  0.057399     3.012    25.034     275.380    14.581        0   -21.718      0.1109379      0.0365348     74.3364639   FIl
      290        4      216.259      47.928  0.071575     3.955    25.857     145.899    14.738        0   -22.097      0.1455340      0.0904628    121.3056183   FIl
      291        4      216.863      11.322  0.027697     6.470    25.083     423.997    13.155        0   -21.490      0.1145443      0.0245002     77.5920944   FIl
      294        4      217.684      11.910  0.026815     9.303    25.443     412.265    12.352        0   -22.195      0.1538213      0.0338375    108.0413437   FIl
      297        5      218.971      24.740  0.035455     3.741    24.290     240.012    13.293        0   -22.007      0.0860731      0.0325233     57.3330345   FIl
      304        4      220.445       9.407  0.029942     9.287    26.228     514.751    13.588        0   -21.167      0.1639643      0.0288876    120.3473129   FIl
      307        7      221.959      19.046  0.042835     4.043    24.885     266.509    14.685        0   -21.005      0.0666776      0.0226896     74.7320633   FIl
      331        4      229.070       6.779  0.034430     3.038    24.727     352.467    14.385        0   -20.799      0.0721971      0.0185764     45.2282829   FIl
      335        6      230.356      21.216  0.042027     7.782    25.879     428.014    13.805        0   -21.819      0.0764761      0.0162042    141.1487274   FIl
      336        4      230.728       7.346  0.076734     1.729    23.824     434.139    14.455        0   -22.565      0.0846259      0.0176780     56.7859268   FIl
      352        4      235.931       4.239  0.042689     1.900    24.098     148.158    14.697        0   -20.949      0.0576383      0.0352815     35.0043106   FIl
      355        5      237.577      27.234  0.073400     4.771    25.966     349.473    14.605        0   -22.292      0.0699029      0.0181402    149.9754181   FIl
      360        4      239.628      27.581  0.031444     6.825    25.991     198.072    13.722        0   -21.235      0.1041308      0.0476778     92.8493652   FIl
      362        7      240.495      15.696  0.034746     5.413    25.091     332.676    13.783        0   -21.377      0.0915493      0.0249570     81.3012314   FIl
      365        4      241.356      17.942  0.039979     3.831    24.428     240.916    13.477        0   -21.999      0.0916466      0.0344994     66.1290894   FIl
      366        4      241.459      27.207  0.031000     4.057    25.898     197.601    14.654        0   -20.255      0.0605596      0.0277941     54.4136543   FIl
      369        4      241.808      18.652  0.038530     5.160    25.460     124.475    13.832        0   -21.608      0.0901987      0.0657171     85.8650970   FIl
      373        4      243.210      33.035  0.031621     4.320    24.713     108.249    13.518        0   -21.489      0.0949400      0.0795395     59.0917244   FIl
      375        5      243.231      30.753  0.049687     3.322    25.226     479.845    14.418        0   -21.574      0.0630775      0.0119215     71.1134338   FIl
      377        4      244.997      37.774  0.030776     7.890    25.764     492.005    13.480        0   -21.424      0.1322456      0.0243765    105.0755234   FIl
      378        4      245.231      39.908  0.030500     5.700    26.125     633.339    14.517        0   -20.484      0.0773030      0.0110693     75.2348633   FIl
      380        4      246.282      40.894  0.029052     6.577    24.682     230.115    12.324        0   -22.454      0.0835424      0.0329246     82.7062759   FIl
      387        4      247.230      42.798  0.031434     3.867    25.162     188.743    14.060        0   -20.907      0.0618303      0.0297092     52.5884666   FIl
      390        4      248.392      39.236  0.030711     6.871    25.860     351.295    13.782        0   -21.198      0.1270525      0.0327997     91.3084030   FIl
      391        4      248.712      26.288  0.043863     2.223    23.959     369.933    14.096        0   -21.631      0.0511350      0.0125359     42.0633736   FIl
      427        5      184.727       5.259  0.076827     1.918    23.593     452.333    14.143        1   -22.850      0.0683989      0.0137136     63.0650902   FIl
      430        5      196.681       7.443  0.046963     4.468    25.704     291.642    14.597        1   -21.266      0.1046845      0.0325530     90.4477005   FIl
      437        4      208.566      28.297  0.075200     3.950    25.741     130.132    14.729        1   -22.240      0.1679725      0.1170617    127.1666183   FIl
      456        4      242.487      30.125  0.048120     4.522    25.955     198.605    14.364        1   -21.521      0.1299081      0.0593205     93.7624207   FIl
        5        4      118.709      45.713  0.053666     1.065    22.685     515.812    14.645        0   -21.496      0.0340451      0.0059858     24.5974789  Node
       11        4      120.762      39.901  0.041515     3.908    24.733     163.667    13.968        0   -21.635      0.0950520      0.0526695     70.0198135  Node
       34        4      134.102      14.547  0.071076     3.911    25.676     357.531    14.425        0   -22.404      0.1517185      0.0384843    119.1261139  Node
       47        4      140.871      22.317  0.031390     1.468    22.769     315.586    14.164        0   -20.848      0.0312253      0.0089732     19.9326401  Node
       87        4      155.542      38.522  0.056034     1.100    22.372     540.094    14.281        0   -22.033      0.0266308      0.0044717     26.5190601  Node
       93        4      156.632      10.936  0.033481     4.497    25.480     387.207    14.333        0   -20.738      0.0866628      0.0202978     65.1153641  Node
       97        4      157.256       3.130  0.073808     1.631    23.888     281.499    14.719        0   -22.190      0.0754632      0.0243119     51.5702591  Node
      134        4      168.348       2.552  0.079190     1.426    23.319     691.980    14.703        0   -22.372      0.0590479      0.0077387     48.2911415  Node
      148        4      172.839      56.461  0.060904     2.610    24.747     319.877    14.414        0   -22.065      0.0891477      0.0252747     68.2909622  Node
      155        4      173.990      55.068  0.056413     1.902    23.440     626.460    13.957        0   -22.378      0.0778050      0.0112635     46.1408882  Node
      163        4      175.773      59.564  0.064985     1.725    23.861     251.082    14.540        0   -22.081      0.0688622      0.0248728     48.1002808  Node
      165        4      176.028      33.513  0.032536     3.775    23.918     111.521    12.805        0   -22.234      0.0726424      0.0590735     53.1175346  Node
      167        4      176.129      33.336  0.032568     6.079    25.340     238.602    13.388        0   -21.604      0.1006046      0.0382386     85.6381989  Node
      183        4      182.586       5.370  0.076701     2.667    24.448     343.468    14.051        0   -22.968      0.0927712      0.0244955     87.5469437  Node
      203        4      186.714      31.092  0.061866     2.624    24.847     272.200    14.398        0   -22.055      0.0698356      0.0232674     69.7343063  Node
      212        5      189.474      15.204  0.071934     2.804    24.725     461.371    14.309        0   -22.564      0.0584704      0.0114933     86.4113159  Node
      223        4      194.792      27.774  0.022883     1.479    22.512     416.174    13.912        0   -20.466      0.0227876      0.0049657     14.6667280  Node
      228        4      197.107      15.707  0.084070     1.744    24.002     340.953    14.676        0   -22.573      0.0952027      0.0253229     62.6189041  Node
      232        5      199.393      41.277  0.067175     2.565    24.686     383.944    14.590        0   -22.087      0.0983792      0.0232378     73.9053345  Node
      243        4      203.959      47.435  0.062545     2.329    24.045     566.421    14.376        0   -22.139      0.0690887      0.0110618     62.5542793  Node
      244        6      204.022      59.218  0.071768     2.885    24.164     361.686    13.916        0   -22.918      0.1175300      0.0294697     88.7091751  Node
      269        5      209.533      21.685  0.066802     1.729    23.431      71.354    14.558        0   -22.133      0.0616262      0.0783256     49.5617485  Node
      270        4      209.553      18.336  0.063767     1.581    23.861     542.504    14.729        0   -21.831      0.0634440      0.0106059     43.2913971  Node
      280        5      212.925      27.984  0.065911     2.836    24.651     375.280    14.240        0   -22.369      0.0975948      0.0235847     80.2092133  Node
      293        4      217.495      53.978  0.043147     3.383    24.669     319.579    13.680        0   -22.008      0.0784034      0.0222493     62.9832115  Node
      299        4      219.046      60.472  0.049598     3.042    24.429     182.440    14.137        0   -21.861      0.0990625      0.0492436     64.9949417  Node
      326        5      227.364       7.550  0.078681     1.525    23.524     548.270    14.432        0   -22.600      0.0621831      0.0102858     51.3185806  Node
      333        4      229.867      20.889  0.040542     1.822    22.476     199.188    13.026        0   -22.521      0.0407580      0.0185571     31.8871937  Node
      342        6      232.614      -0.777  0.077818     4.934    25.911     610.541    14.565        0   -22.453      0.2283819      0.0339239    164.2572632  Node
      353        4      235.991      34.484  0.067860     2.288    24.598     485.690    14.758        0   -22.011      0.0701526      0.0130992     66.5771942  Node
      356        5      237.638      26.786  0.072448     5.064    26.183     289.233    14.623        0   -22.242      0.2367346      0.0742289    157.1757965  Node
      367        4      241.518      33.419  0.060020     2.348    24.896     219.453    14.642        0   -21.767      0.0648968      0.0268189     60.5604706  Node
      368        4      241.578      18.182  0.039625     1.877    23.862     153.745    14.247        0   -21.231      0.0354684      0.0209219     32.1166534  Node
      382        4      246.622      40.884  0.030250     4.380    25.751     367.063    14.137        0   -20.679      0.0716218      0.0176955     57.3420105  Node
      384        4      246.852      14.110  0.050672     2.524    24.703     353.433    14.527        0   -21.477      0.0947139      0.0243034     55.0751801  Node
      388        4      247.660      26.051  0.048290     6.174    26.113     375.381    14.308        0   -21.597      0.1705030      0.0411926    128.4703979  Node
      389        4      248.015      13.656  0.052644     1.571    23.241     609.382    13.919        0   -22.196      0.0399494      0.0059454     35.5910034  Node
      392        4      248.819      31.027  0.099173     5.635    26.283     271.437    14.330        0   -23.267      0.3163010      0.1056795    237.8528442  Node
      396        6      252.344      26.592  0.054711     3.318    24.733     479.616    14.228        0   -21.980      0.0880169      0.0166430     78.1155167  Node
      410        4      134.504      30.347  0.087334     1.415    23.522     717.062    14.576        1   -22.703      0.0659014      0.0083348     52.7391815  Node
      429        4      195.334      39.920  0.037323     2.477    24.033     269.553    14.293        1   -21.058      0.0455345      0.0153199     39.9475403  Node
      440        4      214.928      28.864  0.057464     1.939    24.017     447.504    14.534        1   -21.795      0.0712276      0.0144348     47.9008713  Node
      441        4      215.258      17.684  0.053326     1.953    24.141     687.977    14.565        1   -21.532      0.0665214      0.0087689     44.8256721  Node
      445        5      222.139      11.335  0.052727     1.905    23.414     585.995    13.838        1   -22.291      0.0608224      0.0094130     43.2438393  Node
      446        5      222.698      10.127  0.053977     1.790    23.430     658.660    14.648        1   -21.534      0.0522385      0.0071926     41.5745239  Node
      451        4      232.660       3.481  0.088407     2.152    24.299     425.346    14.483        1   -22.817      0.1252950      0.0267147     81.1934814  Node
      455        7      240.104      33.224  0.088284     2.848    24.767     618.416    14.575        1   -22.733      0.1046238      0.0153430    107.3150101  Node
