        5        4      118.709      45.713  0.053666     1.065    22.685     515.812    14.645        0   -21.496      0.0340451      0.0059858     24.5974789   -20.963
       11        4      120.762      39.901  0.041515     3.908    24.733     163.667    13.968        0   -21.635      0.0950520      0.0526695     70.0198135   -21.021
       34        4      134.102      14.547  0.071076     3.911    25.676     357.531    14.425        0   -22.404      0.1517185      0.0384843    119.1261139   -20.395
       47        4      140.871      22.317  0.031390     1.468    22.769     315.586    14.164        0   -20.848      0.0312253      0.0089732     19.9326401   -20.157
       87        4      155.542      38.522  0.056034     1.100    22.372     540.094    14.281        0   -22.033      0.0266308      0.0044717     26.5190601   -21.526
       93        4      156.632      10.936  0.033481     4.497    25.480     387.207    14.333        0   -20.738      0.0866628      0.0202978     65.1153641   -20.472
       97        4      157.256       3.130  0.073808     1.631    23.888     281.499    14.719        0   -22.190      0.0754632      0.0243119     51.5702591   -21.278
      134        4      168.348       2.552  0.079190     1.426    23.319     691.980    14.703        0   -22.372      0.0590479      0.0077387     48.2911415   -22.130
      148        4      172.839      56.461  0.060904     2.610    24.747     319.877    14.414        0   -22.065      0.0891477      0.0252747     68.2909622   -20.098
      155        4      173.990      55.068  0.056413     1.902    23.440     626.460    13.957        0   -22.378      0.0778050      0.0112635     46.1408882   -21.335
      163        4      175.773      59.564  0.064985     1.725    23.861     251.082    14.540        0   -22.081      0.0688622      0.0248728     48.1002808   -20.735
      165        4      176.028      33.513  0.032536     3.775    23.918     111.521    12.805        0   -22.234      0.0726424      0.0590735     53.1175346   -20.428
      167        4      176.129      33.336  0.032568     6.079    25.340     238.602    13.388        0   -21.604      0.1006046      0.0382386     85.6381989   -20.518
      183        4      182.586       5.370  0.076701     2.667    24.448     343.468    14.051        0   -22.968      0.0927712      0.0244955     87.5469437   -21.137
      203        4      186.714      31.092  0.061866     2.624    24.847     272.200    14.398        0   -22.055      0.0698356      0.0232674     69.7343063   -19.731
      212        5      189.474      15.204  0.071934     2.804    24.725     461.371    14.309        0   -22.564      0.0584704      0.0114933     86.4113159   -20.671
      223        4      194.792      27.774  0.022883     1.479    22.512     416.174    13.912        0   -20.466      0.0227876      0.0049657     14.6667280   -19.912
      228        4      197.107      15.707  0.084070     1.744    24.002     340.953    14.676        0   -22.573      0.0952027      0.0253229     62.6189041   -21.080
      232        5      199.393      41.277  0.067175     2.565    24.686     383.944    14.590        0   -22.087      0.0983792      0.0232378     73.9053345   -20.930
      243        4      203.959      47.435  0.062545     2.329    24.045     566.421    14.376        0   -22.139      0.0690887      0.0110618     62.5542793   -21.345
      244        6      204.022      59.218  0.071768     2.885    24.164     361.686    13.916        0   -22.918      0.1175300      0.0294697     88.7091751   -21.926
      269        5      209.533      21.685  0.066802     1.729    23.431      71.354    14.558        0   -22.133      0.0616262      0.0783256     49.5617485   -21.517
      270        4      209.553      18.336  0.063767     1.581    23.861     542.504    14.729        0   -21.831      0.0634440      0.0106059     43.2913971   -20.487
      280        5      212.925      27.984  0.065911     2.836    24.651     375.280    14.240        0   -22.369      0.0975948      0.0235847     80.2092133   -20.934
      293        4      217.495      53.978  0.043147     3.383    24.669     319.579    13.680        0   -22.008      0.0784034      0.0222493     62.9832115   -19.837
      299        4      219.046      60.472  0.049598     3.042    24.429     182.440    14.137        0   -21.861      0.0990625      0.0492436     64.9949417   -21.407
      326        5      227.364       7.550  0.078681     1.525    23.524     548.270    14.432        0   -22.600      0.0621831      0.0102858     51.3185806   -20.913
      333        4      229.867      20.889  0.040542     1.822    22.476     199.188    13.026        0   -22.521      0.0407580      0.0185571     31.8871937   -21.214
      342        6      232.614      -0.777  0.077818     4.934    25.911     610.541    14.565        0   -22.453      0.2283819      0.0339239    164.2572632   -21.531
      353        4      235.991      34.484  0.067860     2.288    24.598     485.690    14.758        0   -22.011      0.0701526      0.0130992     66.5771942   -20.562
      356        5      237.638      26.786  0.072448     5.064    26.183     289.233    14.623        0   -22.242      0.2367346      0.0742289    157.1757965   -20.857
      367        4      241.518      33.419  0.060020     2.348    24.896     219.453    14.642        0   -21.767      0.0648968      0.0268189     60.5604706   -19.178
      368        4      241.578      18.182  0.039625     1.877    23.862     153.745    14.247        0   -21.231      0.0354684      0.0209219     32.1166534   -19.803
      382        4      246.622      40.884  0.030250     4.380    25.751     367.063    14.137        0   -20.679      0.0716218      0.0176955     57.3420105   -18.091
      384        4      246.852      14.110  0.050672     2.524    24.703     353.433    14.527        0   -21.477      0.0947139      0.0243034     55.0751801   -19.932
      388        4      247.660      26.051  0.048290     6.174    26.113     375.381    14.308        0   -21.597      0.1705030      0.0411926    128.4703979   -21.350
      389        4      248.015      13.656  0.052644     1.571    23.241     609.382    13.919        0   -22.196      0.0399494      0.0059454     35.5910034   -19.910
      392        4      248.819      31.027  0.099173     5.635    26.283     271.437    14.330        0   -23.267      0.3163010      0.1056795    237.8528442   -21.863
      396        6      252.344      26.592  0.054711     3.318    24.733     479.616    14.228        0   -21.980      0.0880169      0.0166430     78.1155167   -20.981
      410        4      134.504      30.347  0.087334     1.415    23.522     717.062    14.576        1   -22.703      0.0659014      0.0083348     52.7391815   -20.977
      429        4      195.334      39.920  0.037323     2.477    24.033     269.553    14.293        1   -21.058      0.0455345      0.0153199     39.9475403   -20.495
      440        4      214.928      28.864  0.057464     1.939    24.017     447.504    14.534        1   -21.795      0.0712276      0.0144348     47.9008713   -20.641
      441        4      215.258      17.684  0.053326     1.953    24.141     687.977    14.565        1   -21.532      0.0665214      0.0087689     44.8256721   -20.269
      445        5      222.139      11.335  0.052727     1.905    23.414     585.995    13.838        1   -22.291      0.0608224      0.0094130     43.2438393   -20.500
      446        5      222.698      10.127  0.053977     1.790    23.430     658.660    14.648        1   -21.534      0.0522385      0.0071926     41.5745239   -21.443
      451        4      232.660       3.481  0.088407     2.152    24.299     425.346    14.483        1   -22.817      0.1252950      0.0267147     81.1934814   -21.532
      455        7      240.104      33.224  0.088284     2.848    24.767     618.416    14.575        1   -22.733      0.1046238      0.0153430    107.3150101   -22.043
