        1        4      114.842      45.103  0.078292     2.620    25.018     348.679    14.719        0   -22.375      0.1433106      0.0372745     87.7565994   -20.608
        3        4      117.288      21.762  0.024476     9.769    26.134     136.700    13.359        0   -21.047      0.1754406      0.1163915    103.6088181   -20.806
        7        4      119.959      18.425  0.042135     3.291    25.048     393.528    14.272        0   -21.333      0.0917726      0.0211493     59.8356705   -20.062
        8        4      119.969      24.037  0.047932     3.174    24.845     125.703    14.303        0   -21.593      0.0884676      0.0638258     65.5742416   -20.313
       12        4      120.805       8.230  0.051395     5.070    25.534     364.532    14.014        0   -22.098      0.1508181      0.0375213    112.2107086   -21.177
       13        6      121.292      46.720  0.023119     9.662    26.292     176.800    13.211        0   -21.056      0.0509038      0.0261112     96.8225479   -18.921
       15        8      121.735      19.795  0.038854     9.608    26.325     480.834    13.744        0   -21.629      0.1606122      0.0302930    161.2266388   -20.906
       18        4      124.236      27.607  0.040713     5.506    26.195      67.990    14.579        0   -20.958      0.1286210      0.1715629     96.7738037   -20.527
       22        8      126.778      18.005  0.058495     4.348    25.199     338.741    14.635        0   -21.743      0.0972077      0.0260251    109.3269882   -21.068
       24        4      127.927      39.668  0.057860     1.748    23.791     361.103    14.756        0   -21.590      0.0455683      0.0114443     43.4886665   -20.891
       25        4      128.713      44.633  0.037984     5.716    26.183     144.009    14.213        0   -21.174      0.0987712      0.0622014     93.7847977   -20.008
       26        4      129.087      54.008  0.031324     5.409    25.828     231.775    13.863        0   -21.051      0.1141102      0.0446495     73.3005753   -19.007
       28        4      130.625      52.782  0.045514     5.593    25.405     116.481    13.422        0   -22.347      0.1230574      0.0958101    109.7580948   -20.824
       30        5      131.451      53.977  0.030977     5.341    25.210     156.946    13.549        0   -21.406      0.0560942      0.0324135     71.5927048   -19.882
       31        4      132.507       2.611  0.060467     5.496    26.174     133.067    14.202        0   -22.226      0.1778920      0.1212398    142.7764130   -20.575
       32        5      132.598      55.399  0.031202     8.708    25.984     224.194    13.231        0   -21.704      0.1128106      0.0456336    117.5636139   -20.385
       33        4      132.682       1.325  0.043193     3.089    24.393      68.035    14.111        0   -21.582      0.0587221      0.0782761     57.5590134   -20.826
       36        4      134.552      17.577  0.049512     6.109    26.139     295.970    13.943        0   -22.055      0.1777335      0.0544604    130.2971039   -20.177
       37        5      136.240      17.455  0.029005     3.758    24.103     335.047    13.130        0   -21.714      0.0502642      0.0136054     47.1869812   -20.146
       40        5      137.510      50.358  0.016991    13.107    25.779     179.537    12.631        0   -20.897      0.1003957      0.0507130     96.6575699   -20.844
       43        4      139.185      27.367  0.047856     2.571    24.644     432.808    14.584        0   -21.343      0.0622578      0.0130454     53.0171852   -20.661
       44        4      139.219      43.701  0.029333     2.536    23.778     514.923    13.825        0   -21.152      0.0366797      0.0064602     32.1952324   -20.049
       48        4      140.915      24.479  0.034653     5.389    25.323     350.234    13.577        0   -21.642      0.1161615      0.0300790     80.7353745   -20.401
       49        4      141.229      42.152  0.048164     2.561    24.712     517.897    14.392        0   -21.537      0.0542119      0.0094932     53.1597977   -19.480
       53        5      142.451      21.429  0.035077     6.959    25.793     159.649    13.890        0   -21.320      0.0805141      0.0457368    105.5219574   -21.055
       54        4      143.804      24.597  0.062298     2.189    24.531     226.716    14.534        0   -21.975      0.0667782      0.0267123     58.5553322   -19.800
       55        5      144.433      17.083  0.028685     6.357    26.070     400.455    14.302        0   -20.443      0.1021992      0.0231448     78.9434586   -19.680
       56        5      144.441      23.184  0.025997     7.815    25.857     111.804    13.688        0   -20.838      0.1288359      0.1045056     88.0096207   -20.642
       57        4      145.466      14.954  0.026852     3.390    24.729     196.805    14.057        0   -20.522      0.0503211      0.0231886     39.4274330   -19.230
       58        5      145.623       4.293  0.029997     8.371    25.925     273.703    13.156        0   -21.691      0.1268774      0.0420400    108.6749496   -19.904
       59        4      145.967      11.028  0.022112     6.965    25.447     206.422    13.267        0   -20.850      0.0929805      0.0408503     66.7648468   -20.358
       62        5      146.723      22.071  0.026037    10.681    25.583     160.044    12.775        0   -21.737      0.1085067      0.0614859    120.4591217   -21.669
       63        4      147.415      34.680  0.039793     6.563    25.304      91.842    12.987        0   -22.489      0.2019217      0.1993896    112.7713547   -20.705
       64        4      147.441       9.084  0.018945    10.461    25.915     213.232    13.059        0   -20.723      0.0886902      0.0377209     85.9779968   -20.391
       65        4      147.584      25.806  0.054059     6.526    26.293     335.489    14.195        0   -21.923      0.2152234      0.0581796    151.8096771   -21.204
       68        6      148.307       7.837  0.041758     5.465    25.747     227.326    14.572        0   -21.035      0.1358556      0.0541986     98.4872894   -20.724
       70        4      149.096      37.633  0.023408     5.667    25.746     111.861    14.182        0   -20.145      0.0774962      0.0628289     57.4964180   -19.984
       75        6      151.277      46.702  0.025054     6.733    25.760     236.913    13.955        0   -20.472      0.1096107      0.0419588     73.0864182   -19.916
       77        4      151.406       0.588  0.022261     8.486    25.650     126.185    13.512        0   -20.650      0.0920276      0.0661409     81.8948669   -20.503
       80        4      153.527      14.457  0.030741     9.423    25.961     143.617    13.399        0   -21.521      0.1280312      0.0808479    125.3373413   -21.145
       81        6      153.804      60.142  0.072774     2.795    24.548     324.665    14.585        0   -22.317      0.0839128      0.0234397     87.1414032   -21.148
       82        4      154.469      37.165  0.045320     5.994    26.268     183.603    14.082        0   -21.686      0.1252528      0.0618683    117.1383820   -19.745
       86        4      155.276       0.656  0.055187     3.240    25.337     212.650    14.565        0   -21.722      0.1230616      0.0524826     76.9253998   -20.400
       89        4      156.124      41.716  0.045943     3.442    24.470     710.808    13.568        0   -22.214      0.0987017      0.0125931     68.1772232   -20.490
       90        4      156.212       9.577  0.046883     2.264    23.970      40.369    14.097        0   -21.773      0.0487935      0.1096155     45.7613373   -20.790
       91        4      156.412      10.364  0.047487     5.129    25.930     357.672    14.299        0   -21.555      0.1220413      0.0309443    104.9728088   -20.657
       92        5      156.469      13.729  0.032938     3.354    23.944     219.522    13.571        0   -21.507      0.0605121      0.0249990     47.7842598   -21.029
       94        5      156.758      16.074  0.034685     6.827    25.267     174.533    13.552        0   -21.622      0.1078814      0.0560568    102.3702621   -21.357
       95        4      156.893       1.218  0.023396     5.461    25.054     100.423    13.549        0   -20.755      0.0623013      0.0562629     55.3787117   -20.372
       98        4      157.288      37.562  0.051462     4.873    26.065      92.552    14.439        0   -21.624      0.1531276      0.1500474    107.9922104   -20.315
       99        4      157.580      21.191  0.043576     4.328    25.284     180.988    13.844        0   -21.839      0.1084095      0.0543222     81.3549957   -20.255
      101        4      158.548      61.624  0.031319     2.042    23.001     232.584    13.358        0   -21.606      0.0395539      0.0154230     27.6687164   -20.504
      103        4      158.754       4.804  0.031070     3.852    25.404     192.152    14.329        0   -20.548      0.0958662      0.0452459     51.7821960   -19.170
      105        4      159.170       5.538  0.030780     4.581    25.463     246.459    14.077        0   -20.867      0.0842013      0.0309837     61.0131378   -19.422
      106        4      159.817      -0.305  0.019944    12.739    26.184      37.480    12.528        0   -21.404      0.1689509      0.4088081    110.2041245   -20.311
      108        4      160.829      57.681  0.046905     4.595    25.920     156.162    14.332        0   -21.508      0.1388844      0.0806562     92.9149323   -19.735
      109        4      160.943      55.795  0.026716     4.183    25.096     137.747    14.412        0   -20.203      0.0619203      0.0407670     48.4022675   -19.894
      111        5      162.307      29.856  0.032533     6.732    25.978      47.751    13.810        0   -21.205      0.1215078      0.2307695     94.7302551   -20.026
      115        4      164.292       5.079  0.057789     4.101    25.941     297.490    14.735        0   -21.549      0.1464429      0.0446431    101.8827744   -20.058
      117        4      164.814       5.242  0.036986     6.036    25.868     378.260    13.725        0   -21.566      0.1374971      0.0329657     96.4557190   -19.725
      121        4      166.210       4.294  0.026376     4.308    24.429      75.405    13.337        0   -21.216      0.0549769      0.0661210     49.2185707   -20.317
      123        4      166.705      14.225  0.046457     2.762    24.264     555.866    14.027        0   -21.800      0.0796168      0.0129895     55.3136635   -20.462
      125        4      167.105      31.981  0.048668     4.790    25.527     194.681    14.451        0   -21.470      0.1084905      0.0505391    100.4378357   -21.106
      127        4      167.471      21.961  0.033897     5.002    25.500     324.508    14.310        0   -20.731      0.0903371      0.0252464     73.3128891   -20.493
      128        4      167.508      36.979  0.030704     4.741    24.699     193.058    13.863        0   -21.067      0.0966987      0.0454248     62.9876633   -20.640
      138        5      170.227       0.462  0.025555     9.030    26.035      52.071    13.856        0   -20.617      0.1061671      0.1849070     99.9695435   -20.465
      140        6      170.643      59.297  0.050747     2.391    24.696     238.909    14.669        0   -21.428      0.0873405      0.0331545     52.2448387   -19.472
      144        6      171.339      32.292  0.045048     6.598    25.796     172.926    14.314        0   -21.452      0.1436955      0.0753602    128.1713409   -21.190
      146        5      171.630      54.786  0.047431     1.632    23.697     103.918    14.732        0   -21.162      0.0414881      0.0362068     33.3720284   -19.774
      147        4      171.926      36.079  0.035423     4.084    24.654      68.082    13.600        0   -21.628      0.0998537      0.1330125     62.5302658   -20.846
      149        5      173.166      52.940  0.027669     2.100    23.247     107.215    14.102        0   -20.591      0.0228391      0.0193190     25.1647358   -20.307
      150        4      173.340      34.291  0.029352     4.620    24.899     661.627    13.911        0   -20.927      0.0620887      0.0085106     58.6967468   -20.768
      151        4      173.642      18.393  0.084869     4.534    25.904     268.969    14.419        0   -22.796      0.1930595      0.0650950    164.3490601   -21.427
      157        4      174.277       2.820  0.030480     3.115    24.932      59.307    14.406        0   -20.482      0.0593062      0.0906892     41.0860252   -19.556
      158        4      174.491      11.221  0.036779     5.827    26.100      33.614    14.147        0   -21.162      0.1429148      0.3855856     92.6078110   -19.663
      159        6      174.514      47.428  0.034376     6.661    25.273     162.066    13.568        0   -21.570      0.1264299      0.0707486     98.9942245   -21.135
      160        5      174.621      20.479  0.026806     6.799    25.473     308.228    13.251        0   -21.345      0.0612887      0.0180330     78.9337692   -19.877
      162        5      175.545      10.315  0.021637     8.822    24.615     164.533    12.526        0   -21.704      0.0972502      0.0536040     82.7678299   -21.510
      164        6      175.867      -1.644  0.045400     5.472    25.365     367.717    13.546        0   -22.260      0.1404885      0.0346486    107.1335983   -20.344
      169        4      176.625      35.745  0.036815     4.897    25.649      24.816    14.495        0   -20.820      0.0844416      0.3085969     77.8975296   -20.051
      170        4      176.860      52.453  0.048578     4.687    25.719     172.766    14.680        0   -21.269      0.1223795      0.0642406     98.1108856   -21.266
      173        4      179.044      60.474  0.033180     7.849    25.287     140.390    12.524        0   -22.581      0.1486081      0.0959990    112.6278458   -20.825
      175        4      179.247       1.119  0.040576     3.461    25.271      67.930    14.567        0   -20.970      0.0815347      0.1088530     60.6192245   -20.265
      176        7      179.650      28.362  0.029104    11.423    26.301     233.443    13.570        0   -21.215      0.1760368      0.0683883    143.9089508   -20.898
      178        4      180.344      53.478  0.051352     4.088    25.364     170.794    14.152        0   -21.893      0.0922984      0.0490094     90.4058075   -20.467
      182        4      182.244      29.241  0.013770     9.134    25.187     133.712    12.671        0   -20.433      0.0597252      0.0405087     54.6233215   -20.151
      189        5      183.548      13.552  0.044015     4.808    25.648     153.070    14.164        0   -21.556      0.0491063      0.0290941     91.2876663   -20.184
      191        6      184.243      44.098  0.067537     5.246    26.180     179.676    14.609        0   -22.039      0.1260474      0.0636213    151.9760437   -21.053
      198        4      185.509      26.363  0.051266     5.727    25.987     141.839    14.074        0   -21.965      0.1588615      0.1015740    126.4191666   -20.856
      200        5      185.903      58.403  0.015616    10.390    25.195     100.264    12.111        0   -21.314      0.0720617      0.0651804     70.4366913   -20.343
      208        5      188.783      47.297  0.031582     5.546    26.254      80.477    14.442        0   -20.526      0.0773759      0.0871949     75.7764130   -18.998
      211        4      189.114      48.535  0.039934     3.996    24.888     327.976    13.902        0   -21.597      0.0943814      0.0260978     68.9064407   -20.998
      215        4      191.039       9.042  0.048025     4.811    26.045     246.191    14.561        0   -21.387      0.1267241      0.0466817     99.5779037   -20.636
      220        5      194.210      30.717  0.025398     9.077    26.193     331.201    13.497        0   -20.949      0.0775515      0.0212353     99.8701859   -20.608
      225        4      195.492      27.626  0.025814     5.073    24.473     703.708    12.740        0   -21.878      0.0648583      0.0083586     56.7328720   -20.080
      226        4      195.881      47.417  0.024972     8.366    26.304     150.393    13.589        0   -20.862      0.1225202      0.0738820     90.5138168   -19.926
      227        4      197.098       4.371  0.025167     4.912    26.206      38.828    14.641        0   -19.821      0.0536995      0.1254267     53.5559464   -18.882
      231        4      198.106      11.708  0.031976     4.636    24.947     254.800    13.340        0   -21.657      0.0794630      0.0282829     64.1216125   -19.690
      233        4      199.631       7.967  0.045040     4.711    25.529     208.466    13.962        0   -21.822      0.1133648      0.0493176     91.5146103   -20.467
      234        5      199.704      30.825  0.032295     7.031    25.750     249.940    14.037        0   -21.045      0.1367938      0.0496352     98.2132645   -20.863
      235        4      199.723      43.244  0.052744     3.024    24.801     107.295    14.616        0   -21.493      0.1096260      0.0926606     68.6519165   -21.432
      236        4      201.181      52.991  0.030645     6.678    25.785      34.888    13.509        0   -21.389      0.1229296      0.3195510     88.5512238   -19.686
      238        4      202.976      -2.872  0.086832     1.186    23.376     394.931    14.684        0   -22.628      0.0723408      0.0166120     43.9565697   -20.744
      239        4      202.982      44.101  0.035117     6.388    26.063     168.749    14.068        0   -21.130      0.1241835      0.0667392     96.9606171   -20.043
      240        4      203.496       3.317  0.022982     4.599    24.241     317.606    12.702        0   -21.559      0.0638806      0.0182406     45.8172646   -20.115
      242        5      203.938      13.368  0.043328     6.317    25.566     124.618    14.131        0   -21.568      0.1846705      0.1343933    118.0859146   -21.293
      245        4      204.057      42.012  0.062439     4.630    26.046     277.386    14.339        0   -22.179      0.1787704      0.0584481    124.1500244   -19.662
      247        4      204.323      55.714  0.064669     5.396    26.267     311.062    14.329        0   -22.283      0.1608711      0.0469019    149.7723541   -20.490
      249        5      204.682      57.283  0.069319     3.852    25.173     572.244    14.400        0   -22.368      0.0506143      0.0080214    114.4760132   -21.277
      250        4      204.938      30.054  0.034964     8.488    26.227     152.901    14.011        0   -21.197      0.1607875      0.0953677    128.2863922   -20.978
      251        4      204.944      27.383  0.035857     4.278    26.046     196.782    14.529        0   -20.718      0.1113102      0.0512990     66.2887421   -18.405
      255        6      205.301      52.094  0.060489     6.369    26.233     317.589    14.322        0   -22.136      0.1585879      0.0452859    165.5158997   -21.540
      256        4      205.743      49.058  0.063310     3.439    25.332     124.785    14.369        0   -22.180      0.0934866      0.0679433     93.4822617   -20.225
      257        4      206.092      20.362  0.027776     5.836    25.522      67.978    13.774        0   -20.898      0.0862754      0.1151004     70.1906052   -20.413
      260        4      206.574      17.959  0.027664     5.258    26.277     171.700    14.386        0   -20.276      0.0995197      0.0525652     62.9856606   -18.293
      261        5      206.696      22.733  0.028356     8.265    26.152     349.837    13.754        0   -20.966      0.0794564      0.0205979    101.4658813   -19.867
      271        4      209.915      59.279  0.036353     6.114    25.826     196.298    13.762        0   -21.513      0.1366960      0.0631539     96.0490952   -20.144
      272        6      210.139      -2.860  0.025340     6.131    24.380     321.932    12.455        0   -22.049      0.0640151      0.0180334     67.3037949   -20.588
      274        4      210.551      45.563  0.065846     4.286    26.179     173.485    14.646        0   -22.001      0.1318232      0.0689111    121.0874405   -19.605
      281        4      213.581       2.965  0.026930     2.428    23.919     200.514    14.193        0   -20.417      0.0325497      0.0147218     28.3120213   -19.901
      284        5      214.794      45.900  0.027153     8.944    26.317     123.413    13.778        0   -20.804      0.1275969      0.0937645    105.1747055   -20.142
      285        4      214.794       7.063  0.026090     5.427    25.378     152.121    13.939        0   -20.596      0.0880601      0.0524989     61.3365822   -20.505
      286        5      214.853      35.108  0.029013     4.618    24.581      33.523    13.231        0   -21.543      0.0600598      0.1624814     57.9986992   -20.688
      287        4      215.179       5.460  0.028243     4.251    25.294      77.812    14.334        0   -20.372      0.0791852      0.0922906     51.9751854   -19.790
      289        4      216.251      27.823  0.038408     7.945    26.026     227.459    14.188        0   -21.214      0.1531501      0.0610623    131.8005676   -21.187
      292        5      217.386      35.532  0.029163     8.477    25.934     127.112    13.752        0   -21.010      0.1255681      0.0895883    107.0081024   -20.955
      295        4      217.974      16.804  0.048959     6.431    26.146      50.960    13.783        0   -22.185      0.2094428      0.3727285    135.6553345   -20.104
      300        4      219.429      15.895  0.037664     6.854    26.133      59.564    14.347        0   -21.015      0.1270348      0.1934198    111.5195694   -20.838
      301        4      219.595      23.381  0.031133     5.716    25.322     153.678    13.412        0   -21.513      0.0863557      0.0509610     76.9979706   -20.179
      302        4      219.689      56.027  0.043167     3.737    25.737      52.291    14.719        0   -20.948      0.0978691      0.1697381     69.6002960   -19.308
      303        4      219.962      21.568  0.040575     4.855    25.608      73.030    14.327        0   -21.197      0.0930725      0.1155797     85.0472183   -20.495
      306        4      221.800      20.275  0.043863     4.287    25.830     210.335    14.727        0   -20.985      0.0825476      0.0355920     81.1113510   -19.962
      308        5      222.525       0.576  0.040531     4.827    25.538     132.954    14.281        0   -21.246      0.1208020      0.0824007     84.4573669   -20.583
      312        6      223.441       0.038  0.044566     6.365    25.989     336.626    14.384        0   -21.235      0.0883628      0.0238057    122.3385925   -20.742
      313        4      224.019      18.064  0.054238     4.230    25.778     296.176    14.415        0   -21.797      0.1023173      0.0313299     98.7269516   -20.201
      316        4      224.871      16.628  0.034076    10.219    26.182      97.065    12.848        0   -22.282      0.1535632      0.1434774    150.5578461   -20.537
      317        4      225.235       8.589  0.056083     3.145    25.135     343.217    14.321        0   -21.954      0.0945405      0.0249809     75.8532562   -19.961
      318        5      225.753      -2.552  0.040401     3.618    25.451     126.947    14.597        0   -20.937      0.0721253      0.0515258     63.1143608   -19.327
      321        4      226.519       3.682  0.036453     5.019    24.802     217.050    13.815        0   -21.495      0.0932740      0.0389726     79.0560074   -21.485
      322        4      226.567      46.351  0.037043     4.427    25.694     110.270    14.258        0   -21.045      0.0941068      0.0773965     70.8595123   -19.880
      324        4      226.687       3.817  0.036759     5.402    25.651     574.350    14.159        0   -21.077      0.1394278      0.0220157     85.7960968   -20.695
      327        4      227.463       1.374  0.028754     5.590    25.877      98.991    14.386        0   -20.380      0.0863486      0.0791075     69.5843201   -19.606
      329        5      227.846      11.355  0.046348     5.289    25.789     231.910    14.361        0   -21.478      0.1615354      0.0631695    105.6747742   -20.929
      332        4      229.626      58.392  0.059284     3.680    25.475     668.047    14.571        0   -21.823      0.1115783      0.0151472     93.7768555   -21.082
      343        6      233.217      44.557  0.037592     8.998    26.229     179.698    13.988        0   -21.331      0.1276907      0.0644428    146.1233063   -20.941
      344        4      233.474      32.814  0.064399     2.875    24.870     216.581    14.352        0   -22.229      0.0870673      0.0364580     79.4774551   -20.441
      345        5      233.938       3.361  0.044875     2.833    24.926     142.812    14.759        0   -21.000      0.0839654      0.0533205     54.8334541   -19.993
      347        4      234.402      14.362  0.052537     3.804    25.427     185.783    14.338        0   -21.748      0.1213933      0.0592580     86.0392532   -20.448
      354        4      236.131      25.348  0.032453     7.945    25.844      69.942    12.997        0   -22.018      0.1164237      0.1509606    111.5239258   -20.078
      358        6      239.154      41.915  0.035475     4.613    25.211     302.431    14.005        0   -21.179      0.0694132      0.0208149     70.7263184   -20.565
      359        6      239.160      46.368  0.040456     6.954    25.819     655.854    14.057        0   -21.455      0.1234875      0.0170756    121.4636688   -20.714
      372        4      243.084      28.477  0.053351     6.736    26.212      21.382    14.194        0   -21.961      0.2022292      0.8577403    154.6853180   -21.574
      374        4      243.219      11.121  0.041943     4.795    25.100     403.201    13.605        0   -22.043      0.0880549      0.0198058     86.7908859   -20.866
      376        4      243.408      51.443  0.050451     4.194    25.603     177.549    14.659        0   -21.357      0.0986201      0.0503740     91.1249008   -21.021
      379        4      245.258      21.326  0.032112     4.550    25.518     190.138    13.985        0   -21.012      0.0689774      0.0329000     63.1972694   -19.347
      381        4      246.456      43.963  0.031735     3.097    24.491     104.513    14.441        0   -20.525      0.0425247      0.0369002     42.5181503   -20.424
      383        4      246.645      33.500  0.051496     2.812    25.220     148.584    14.676        0   -21.395      0.0996083      0.0607971     62.3553467   -19.473
      386        4      247.207      21.525  0.036962     5.657    25.798     255.787    13.757        0   -21.541      0.1242055      0.0440374     90.3513947   -19.718
      393        4      249.473      36.055  0.032117     7.614    25.094     204.356    12.699        0   -22.250      0.1084696      0.0481372    105.7778702   -21.230
      394        4      251.171      38.915  0.038366     6.503    26.276     266.812    14.152        0   -21.308      0.1153199      0.0391974    107.7712021   -20.118
      398        4      253.543      39.792  0.033443     7.905    25.906     272.701    13.093        0   -22.013      0.1560789      0.0519060    114.3194504   -20.143
      399        4      254.365      40.717  0.029995     4.975    24.651     256.493    13.723        0   -21.162      0.0749642      0.0265056     64.5837097   -21.114
      402        6      255.228      39.572  0.034436     7.232    25.859     197.813    13.483        0   -21.660      0.1185986      0.0543731    107.6678543   -20.080
      406        6      256.452      22.275  0.049110     8.897    26.309     183.452    13.909        0   -22.077      0.1697347      0.0839087    188.2576141   -21.883
      407        7      119.112      44.083  0.047877     6.842    25.751     365.085    14.290        1   -21.542      0.1109200      0.0275534    141.1775513   -21.481
      409        4      129.291      47.168  0.052551     3.980    25.394     113.845    14.548        1   -21.588      0.1244893      0.0991690     90.0415421   -20.949
      411        4      138.551       7.076  0.057191     6.262    26.284      99.982    14.305        1   -22.015      0.1688954      0.1531991    153.9998627   -21.260
      413        5      144.109      59.400  0.041332     3.250    25.311     130.936    14.595        1   -20.964      0.0490598      0.0339802     57.9862595   -19.478
      417        6      158.494      59.413  0.044972     7.142    25.830     316.626    13.907        1   -21.905      0.1333447      0.0381934    138.5074921   -21.764
      420        4      167.654      10.089  0.048069     4.614    25.762      64.255    14.463        1   -21.454      0.1352085      0.1908351     95.5844727   -20.469
      421        4      170.201      46.837  0.054343     5.027    25.709     146.606    14.371        1   -21.823      0.1315086      0.0813507    117.5512772   -21.176
      423        6      172.503      44.184  0.045542     7.065    26.323     200.637    14.247        1   -21.574      0.1390112      0.0628345    138.7395477   -20.647
      425        4      178.190      20.193  0.051086     6.137    26.124     309.141    14.168        1   -21.871      0.1376072      0.0403686    135.0062103   -20.938
      428        4      186.892      50.399  0.040929     4.599    25.509     341.408    14.038        1   -21.493      0.0970567      0.0257817     81.2567978   -19.868
      431        7      199.378      20.622  0.023709    10.576    25.847     148.123    13.489        1   -20.793      0.0888536      0.0544016    108.6730652   -20.771
      432        4      200.276      12.196  0.062273     6.438    26.328     231.939    14.181        1   -22.329      0.1788004      0.0699125    172.1700592   -21.287
      433        7      205.056      56.799  0.069660     3.418    24.987     515.427    14.592        1   -22.204      0.1222832      0.0215159    102.0647049   -21.652
      434        5      205.384      23.211  0.033191     5.404    25.246     301.695    14.097        1   -20.863      0.0916771      0.0275582     77.5632019   -20.792
      436        4      207.619      24.948  0.030552     4.064    24.741      90.490    13.834        1   -21.048      0.0602605      0.0603935     53.7311249   -20.799
      438        4      211.225      24.212  0.062808     4.612    25.905     347.023    14.531        1   -22.034      0.1493723      0.0390366    124.3831711   -21.074
      442        4      218.482      28.000  0.032258     8.995    26.143      83.076    13.703        1   -21.301      0.1432423      0.1563711    125.5164108   -21.268
      443        4      221.618      23.891  0.048737     4.701    25.755     543.013    14.508        1   -21.431      0.1592898      0.0266034     98.7155304   -20.841
      448        6      224.192      24.641  0.033766     7.658    26.252     184.998    14.320        1   -20.756      0.1462348      0.0716873    111.8116837   -20.586
      450        5      227.819      10.550  0.069568     4.680    25.863     174.555    14.615        1   -22.157      0.1343987      0.0698270    139.5864258   -21.806
      452        4      236.269      16.951  0.049082     3.583    24.791     564.096    13.772        1   -22.229      0.1185486      0.0190591     75.7712021   -20.702
      454        5      238.174      -0.528  0.078726     4.070    25.612     327.555    14.590        1   -22.470      0.1792282      0.0496229    137.0480347   -21.295
      458        7      243.981      38.537  0.034782     6.091    26.202     138.779    14.577        1   -20.570      0.1030470      0.0673399     91.5897980   -20.088
      461        4      247.547      36.247  0.075265     3.671    25.664     383.398    14.479        1   -22.477      0.1604934      0.0379636    118.2803345   -20.026
