       45        4      139.228      29.355  0.037095     6.212    26.001     204.675    14.300        0   -21.026      0.1116874      0.0494878     99.5608139   -20.614  0 -1
       73        4      151.012      31.098  0.022236    12.331    26.277     243.871    12.448        0   -21.662      0.1665419      0.0619330    118.8737869   -19.414  1  0
       85        4      154.841      49.084  0.056872     4.009    25.498     336.656    14.314        0   -21.889      0.1022105      0.0275339     98.0479965   -20.836  1  0
      100        7      157.811      25.954  0.021455    12.225    26.114     166.508    13.382        0   -20.770      0.1679278      0.0914631    113.7250900   -20.470  1 -1
      104        4      158.940      21.071  0.023768     2.757    24.035     217.066    13.667        0   -20.743      0.0442696      0.0184958     28.3995647   -19.625  1 -1
      132        4      168.044      35.454  0.025280     4.621    24.614     204.225    12.985        0   -21.518      0.0549212      0.0243888     50.6129494   -19.564  1  0
      133        4      168.171      23.270  0.023730     4.644    24.809     365.694    13.643        0   -20.653      0.0699800      0.0173547     47.7661629   -20.027  1  0
      135        4      168.367      59.928  0.036492     2.660    24.520     122.070    14.502        0   -20.785      0.0553986      0.0411574     41.9528847   -20.220  0  0
      139        6      170.591      24.309  0.026190     4.067    23.816     228.615    13.160        0   -21.383      0.0626631      0.0248581     46.1335716   -20.918  1  0
      192        4      184.295      41.358  0.047412     4.298    25.383     190.861    13.845        0   -22.033      0.1102113      0.0523683     87.8210373   -19.711  0  0
      193        4      184.480      21.914  0.052114     1.775    23.952     220.046    14.638        0   -21.475      0.0604092      0.0248971     39.8203850   -20.449  0  0
      195        6      184.653      40.438  0.068540     3.705    25.653     233.665    14.534        0   -22.164      0.1329075      0.0515841    108.9026184   -19.688  1 -1
      197        4      185.069      56.139  0.034567     5.052    25.751     100.039    14.130        0   -21.028      0.1074530      0.0974108     75.4918823   -20.011  0  0
      204        4      187.154      53.635  0.036935     4.998    25.404     239.405    13.620        0   -21.694      0.1058939      0.0401141     79.7693939   -19.632  0 -1
      214        4      190.688      48.580  0.040196     5.675    25.939     108.575    14.393        0   -21.106      0.1339675      0.1118998     98.4834137   -20.979  0  0
      230        5      197.705      56.631  0.081414     2.304    24.374     419.446    14.475        0   -22.661      0.0914459      0.0197719     80.2009506   -21.341  0  0
      258        4      206.163      37.187  0.027252     4.768    25.269      25.793    14.054        0   -20.578      0.0856587      0.3011775     56.2673683   -20.275  1  0
      267        7      209.145      23.354  0.067068     2.798    24.761     192.267    14.607        0   -22.082      0.0950687      0.0448427     80.4909210   -20.482  1  0
      273        4      210.443      38.684  0.019266     4.507    24.996     273.058    13.427        0   -20.498      0.0511698      0.0169949     37.6666031   -18.338  1 -1
      275        5      210.726       9.367  0.020819     6.440    24.221     182.526    12.629        0   -21.374      0.0787298      0.0391177     58.1425400   -21.360  1  0
      288        4      215.679      40.367  0.018775     7.942    24.816     156.626    12.739        0   -21.057      0.0919108      0.0532184     64.6901398   -21.045  1 -1
      296        4      218.485      40.160  0.026010    10.169    26.251     107.901    13.525        0   -20.995      0.2060382      0.1731730    114.5684586   -20.590  1  0
      298        4      219.045      21.829  0.018276     4.284    24.311     215.653    12.966        0   -20.912      0.0445090      0.0187176     33.9755096   -19.247  1 -1
      305        4      221.147      40.806  0.024848     5.065    25.959     136.427    14.283        0   -20.204      0.0545451      0.0362589     54.5359726   -18.928  1 -1
      319        5      226.143      17.716  0.038725     5.778    25.647     104.685    14.194        0   -21.221      0.0707529      0.0612942     96.6438217   -20.810  1  0
      339        4      232.044      42.968  0.018449     4.675    24.304     286.978    13.217        0   -20.589      0.0600297      0.0189704     37.4209785   -20.265  1 -1
      346        6      234.147      43.396  0.019269    18.130    26.081     182.006    12.317        0   -21.527      0.1258275      0.0626975    151.5471039   -20.935  1 -1
      350        5      235.626      23.751  0.023802    10.061    25.744     178.212    13.113        0   -21.124      0.1566946      0.0797399    103.7809448   -20.573  1 -1
      412        6      143.449       1.628  0.073912     4.481    25.877     154.844    14.751        1   -22.162      0.1339768      0.0784681    141.8503723   -21.483  0  0
