       29        4      130.857      36.219  0.053918     3.958    25.084     263.107    14.296        0   -21.872      0.1239636      0.0427289     91.8429184
       42        4      139.129      30.867  0.024047     8.376    25.509      73.143    12.779        0   -21.566      0.0901749      0.1118077     87.2886276
       50        4      141.615      22.100  0.026841     4.541    25.009      56.184    13.771        0   -20.823      0.0619773      0.1000413     52.7834435
       74        4      151.089       0.506  0.047548     3.568    25.129     241.973    14.355        0   -21.548      0.1181009      0.0442634     73.1188278
      102        4      158.563      56.713  0.044944     3.457    25.487     324.817    14.766        0   -21.009      0.0863631      0.0241129     67.0100861
      124        5      167.036      55.903  0.050675     4.563    25.735     222.015    14.375        0   -21.679      0.1135069      0.0463659     99.5960999
      129        4      167.781      39.608  0.079121     2.503    24.390     406.171    14.354        0   -22.722      0.1041967      0.0232651     84.6882172
      143        5      171.119      55.957  0.053552     7.660    26.155     274.227    14.053        0   -22.103      0.2616260      0.0865227    176.5554504
      168        4      176.524      20.419  0.024813     4.471    24.070     180.670    12.544        0   -21.822      0.0609778      0.0306086     48.0709648
      172        4      178.901      54.890  0.052253     3.155    24.569     371.348    14.093        0   -22.011      0.0953079      0.0232760     70.9844894
      177        4      179.886      55.529  0.080874     5.532    26.068     226.380    14.043        0   -23.097      0.2067938      0.0828437    191.2712555
      213        4      189.859      17.202  0.071863     2.087    24.408     816.856    14.550        0   -22.277      0.1016600      0.0112866     64.2546234
      221        4      194.373      27.489  0.025329     2.970    23.018     449.754    12.443        0   -22.026      0.0580438      0.0117042     32.5945511
      229        4      197.699      34.640  0.037737     5.596    25.827     174.225    14.096        0   -21.262      0.1354528      0.0705078     91.2349548
      264        4      208.233      24.535  0.056787     4.249    25.961     419.470    14.575        0   -21.761      0.1463251      0.0316357    103.7702408
      265        4      208.678      21.817  0.028546     7.579    25.862      40.090    13.517        0   -21.215      0.0963588      0.2179786     93.6606445
      266        5      209.024      24.638  0.064776     4.746    25.854     375.863    14.539        0   -22.036      0.1491048      0.0359767    131.9453125
      283        4      213.815       4.924  0.057399     3.012    25.034     275.380    14.581        0   -21.718      0.1109379      0.0365348     74.3364639
      290        4      216.259      47.928  0.071575     3.955    25.857     145.899    14.738        0   -22.097      0.1455340      0.0904628    121.3056183
      291        4      216.863      11.322  0.027697     6.470    25.083     423.997    13.155        0   -21.490      0.1145443      0.0245002     77.5920944
      294        4      217.684      11.910  0.026815     9.303    25.443     412.265    12.352        0   -22.195      0.1538213      0.0338375    108.0413437
      297        5      218.971      24.740  0.035455     3.741    24.290     240.012    13.293        0   -22.007      0.0860731      0.0325233     57.3330345
      304        4      220.445       9.407  0.029942     9.287    26.228     514.751    13.588        0   -21.167      0.1639643      0.0288876    120.3473129
      307        7      221.959      19.046  0.042835     4.043    24.885     266.509    14.685        0   -21.005      0.0666776      0.0226896     74.7320633
      331        4      229.070       6.779  0.034430     3.038    24.727     352.467    14.385        0   -20.799      0.0721971      0.0185764     45.2282829
      335        6      230.356      21.216  0.042027     7.782    25.879     428.014    13.805        0   -21.819      0.0764761      0.0162042    141.1487274
      336        4      230.728       7.346  0.076734     1.729    23.824     434.139    14.455        0   -22.565      0.0846259      0.0176780     56.7859268
      352        4      235.931       4.239  0.042689     1.900    24.098     148.158    14.697        0   -20.949      0.0576383      0.0352815     35.0043106
      355        5      237.577      27.234  0.073400     4.771    25.966     349.473    14.605        0   -22.292      0.0699029      0.0181402    149.9754181
      360        4      239.628      27.581  0.031444     6.825    25.991     198.072    13.722        0   -21.235      0.1041308      0.0476778     92.8493652
      362        7      240.495      15.696  0.034746     5.413    25.091     332.676    13.783        0   -21.377      0.0915493      0.0249570     81.3012314
      365        4      241.356      17.942  0.039979     3.831    24.428     240.916    13.477        0   -21.999      0.0916466      0.0344994     66.1290894
      366        4      241.459      27.207  0.031000     4.057    25.898     197.601    14.654        0   -20.255      0.0605596      0.0277941     54.4136543
      369        4      241.808      18.652  0.038530     5.160    25.460     124.475    13.832        0   -21.608      0.0901987      0.0657171     85.8650970
      373        4      243.210      33.035  0.031621     4.320    24.713     108.249    13.518        0   -21.489      0.0949400      0.0795395     59.0917244
      375        5      243.231      30.753  0.049687     3.322    25.226     479.845    14.418        0   -21.574      0.0630775      0.0119215     71.1134338
      377        4      244.997      37.774  0.030776     7.890    25.764     492.005    13.480        0   -21.424      0.1322456      0.0243765    105.0755234
      378        4      245.231      39.908  0.030500     5.700    26.125     633.339    14.517        0   -20.484      0.0773030      0.0110693     75.2348633
      380        4      246.282      40.894  0.029052     6.577    24.682     230.115    12.324        0   -22.454      0.0835424      0.0329246     82.7062759
      387        4      247.230      42.798  0.031434     3.867    25.162     188.743    14.060        0   -20.907      0.0618303      0.0297092     52.5884666
      390        4      248.392      39.236  0.030711     6.871    25.860     351.295    13.782        0   -21.198      0.1270525      0.0327997     91.3084030
      391        4      248.712      26.288  0.043863     2.223    23.959     369.933    14.096        0   -21.631      0.0511350      0.0125359     42.0633736
      427        5      184.727       5.259  0.076827     1.918    23.593     452.333    14.143        1   -22.850      0.0683989      0.0137136     63.0650902
      430        5      196.681       7.443  0.046963     4.468    25.704     291.642    14.597        1   -21.266      0.1046845      0.0325530     90.4477005
      437        4      208.566      28.297  0.075200     3.950    25.741     130.132    14.729        1   -22.240      0.1679725      0.1170617    127.1666183
      456        4      242.487      30.125  0.048120     4.522    25.955     198.605    14.364        1   -21.521      0.1299081      0.0593205     93.7624207
