           1   114.842003       45.1030006       7.82919973E-02           4  -22.3749790      -20.6078548      -19.2560368    
           2   116.577003       22.0200005       4.68170010E-02           4  -21.5126247      -20.8948689      -18.0651283    
           3   117.288002       21.7619991       2.44759992E-02           4  -21.0476189      -20.8058720      -16.6147518    
           4   117.793999       50.2169991       2.18100008E-02           5  -21.2351875      -21.2067204      -16.3102894    
           5   118.709000       45.7130013       5.36659993E-02           4  -21.4967899      -20.9628296      -18.4245815    
           6   119.190002       45.8860016       5.49219996E-02           4  -22.2182350      -22.0135193      -18.4700661    
           7   119.959000       18.4249992       4.21350002E-02           4  -21.3325329      -20.0618477      -17.8514404    
           8   119.969002       24.0370007       4.79319990E-02           4  -21.5923138      -20.3134480      -18.1578999    
           9   120.355003       27.2399998       4.80370000E-02           4  -21.9896755      -21.4456921      -18.1913986    
          10   120.490997       9.56099987       1.66549999E-02           6  -22.0517883      -20.3247986      -15.7759256    
          11   120.762001       39.9010010       4.15150002E-02           4  -21.6350288      -21.0211315      -17.7653637    
          12   120.805000       8.22999954       5.13949990E-02           4  -22.0981560      -21.1771336      -18.3077946    
          13   121.292000       46.7200012       2.31190007E-02           6  -21.0560932      -18.9212112      -16.5308857    
          14   121.366997       37.5429993       3.42929997E-02           4  -21.3901367      -21.1418247      -17.2978306    
          15   121.735001       19.7950001       3.88539992E-02           8  -21.6291046      -20.9062691      -17.7233658    
          16   122.056000       9.02900028       5.35449982E-02           6  -22.1799335      -21.2278214      -18.3862305    
          17   123.477997       9.70100021       5.26870005E-02           4  -21.5372696      -19.6127357      -18.3674011    
          18   124.236000       27.6070004       4.07130010E-02           4  -20.9585114      -20.5269394      -17.7838230    
          19   125.294998       35.8019981       6.17160015E-02           7  -22.3790283      -21.4196682      -18.7199116    
          20   125.926003       21.3799992       1.83450002E-02           4  -20.6853962      -20.0024338      -15.9127798    
          21   126.572998       17.3600006       6.67370036E-02           4  -21.9220963      -20.8889751      -18.8318577    
          22   126.778000       18.0049992       5.84950000E-02           8  -21.7426090      -21.0684757      -18.5930672    
          23   127.655998       58.0589981       4.62610014E-02           4  -21.2484760      -19.6372871      -18.0329857    
          24   127.927002       39.6679993       5.78599982E-02           4  -21.5903721      -20.8912563      -18.6071243    
          25   128.712997       44.6329994       3.79839987E-02           4  -21.1741982      -20.0083237      -17.5800514    
          26   129.087006       54.0079994       3.13239992E-02           4  -21.0512486      -19.0069523      -17.2047863    
          27   129.942001       52.9939995       4.60969992E-02           4  -21.0335484      -20.8620892      -18.0712109    
          28   130.625000       52.7820015       4.55139987E-02           4  -22.3468723      -20.8238831      -18.0216026    
          29   130.856995       36.2190018       5.39180003E-02           4  -21.8723812      -21.7528534      -18.3628712    
          30   131.451004       53.9770012       3.09769996E-02           5  -21.4055576      -19.8819828      -17.1041908    
          31   132.507004       2.61100006       6.04670011E-02           4  -22.2262077      -20.5750637      -18.6843071    
          32   132.598007       55.3989983       3.12019996E-02           5  -21.7041893      -20.3850117      -17.1140537    
          33   132.682007       1.32500005       4.31930013E-02           4  -21.5817108      -20.8256912      -17.9001522    
          34   134.102005       14.5469999       7.10759982E-02           4  -22.4039993      -20.3951321      -19.0973263    
          35   134.279999       39.9939995       9.72950011E-02           5  -22.9693584      -21.5801525      -19.7772961    
          36   134.552002       17.5769997       4.95119989E-02           4  -22.0544357      -20.1770153      -18.2007580    
          37   136.240005       17.4549999       2.90050004E-02           5  -21.7133389      -20.1460686      -16.9792271    
          38   136.272003       18.3619995       1.48900002E-02           5  -21.4569016      -19.9887123      -15.2291498    
          39   136.311005       28.2570000       2.76590008E-02           4  -20.7232800      -19.0817070      -16.9187775    
          40   137.509995       50.3580017       1.69910006E-02           5  -20.8976402      -20.8439140      -15.8444786    
          41   138.949005       10.1619997       3.17550004E-02           4  -21.3251820      -20.7246418      -17.1838055    
          42   139.128998       30.8670006       2.40470003E-02           4  -21.5667381      -20.0643272      -16.5881481    
          43   139.184998       27.3670006       4.78559993E-02           4  -21.3433552      -20.6608334      -18.0002480    
          44   139.218994       43.7010002       2.93329991E-02           4  -21.1516457      -20.0487957      -16.9760189    
          45   139.227997       29.3549995       3.70949991E-02           4  -21.0254135      -20.6143379      -17.5964851    
          46   140.552002       33.8930016       2.42630001E-02           4  -21.3799515      -19.2892151      -16.6610470    
          47   140.871002       22.3169994       3.13900001E-02           4  -20.8475628      -20.1568146      -17.1964436    
          48   140.914993       24.4790001       3.46530005E-02           4  -21.6418762      -20.4008369      -17.2943783    
          49   141.229004       42.1520004       4.81639989E-02           4  -21.5375614      -19.4795742      -18.2479572    
          50   141.615005       22.1000004       2.68409997E-02           4  -20.8227043      -20.1216450      -16.8499508    
          51   141.813995       23.0370007       3.02269999E-02           5  -21.3397026      -20.2918358      -17.0948029    
          52   141.990005       30.0100002       2.75449995E-02           4  -22.0753574      -20.3393803      -16.7270679    
          53   142.451004       21.4290009       3.50769982E-02           5  -21.3198223      -21.0547199      -17.4303341    
          54   143.804001       24.5970001       6.22979999E-02           4  -21.9759254      -19.8004704      -18.7373390    
          55   144.432999       17.0830002       2.86849998E-02           5  -20.4432354      -19.6797352      -17.0253334    
          56   144.440994       23.1840000       2.59969998E-02           5  -20.8378067      -20.6417217      -16.8099270    
          57   145.466003       14.9540005       2.68520005E-02           4  -20.5215321      -19.2295895      -16.9238033    
          58   145.623001       4.29300022       2.99970005E-02           5  -21.6911449      -19.9041233      -17.0205498    
          59   145.966995       11.0279999       2.21120007E-02           4  -20.8493137      -20.3575516      -16.4424934    
          60   146.028000       42.6380005       1.86829995E-02           4  -20.3795567      -18.0746040      -16.0060692    
          61   146.328003       34.7029991       4.15389985E-02           4  -21.1253166      -19.3522987      -17.8032589    
          62   146.723007       22.0709991       2.60370001E-02           5  -21.7374401      -21.6691742      -16.8335571    
          63   147.414993       34.6800003       3.97929996E-02           4  -22.4881783      -20.7051277      -17.7061062    
          64   147.440994       9.08399963       1.89449992E-02           4  -20.7231350      -20.3912659      -16.0880127    
          65   147.584000       25.8059998       5.40589988E-02           4  -21.9234428      -21.2037697      -18.3900585    
          66   147.610992       44.3040009       1.61509998E-02           5  -19.7264843      -19.6547985      -15.7448606    
          67   148.268997       19.4020004       2.59649996E-02           4  -21.7247066      -20.0194721      -16.7880688    
          68   148.307007       7.83699989       4.17580009E-02           6  -21.0348606      -20.7244835      -17.7682495    
          69   149.087997       20.5009995       2.56060008E-02           4  -20.9467812      -20.6568871      -16.7518654    
          70   149.095993       37.6329994       2.34079994E-02           4  -20.1445293      -19.9837875      -16.4886780    
          71   150.639999       32.7109985       5.11160009E-02           5  -22.2727985      -20.8526974      -18.3150120    
          72   150.867996       37.4570007       2.24740002E-02           4  -20.0505085      -19.5762939      -16.3902264    
          73   151.011993       31.0979996       2.22360007E-02           4  -21.6618443      -19.4135399      -16.4963799    
          74   151.089005      0.505999982       4.75479998E-02           4  -21.5479774      -20.1870403      -18.1596012    
          75   151.276993       46.7019997       2.50540003E-02           6  -20.4715919      -19.9158802      -16.7270756    
          76   151.281998      0.609000027       6.37150034E-02           4  -22.0284443      -19.6888046      -18.8171692    
          77   151.406006      0.588000000       2.22609993E-02           4  -20.6500397      -20.5028458      -16.3497391    
          78   152.854004       37.8909988       5.44480011E-02           4  -21.4838219      -21.1096973      -18.4200115    
          79   153.490005       38.6640015       2.16760002E-02           4  -21.0809174      -21.0575829      -16.3332748    
          80   153.526993       14.4569998       3.07410005E-02           4  -21.5212555      -21.1451550      -17.1214943    
          81   153.804001       60.1419983       7.27740005E-02           6  -22.3170338      -21.1475849      -19.0757580    
          82   154.468994       37.1650009       4.53200005E-02           4  -21.6857357      -19.7445965      -17.9883595    
          83   154.561005       48.8969994       6.21830001E-02           5  -21.9452229      -20.5015621      -18.7734203    
          84   154.742996       16.1299992       2.98720002E-02           4  -21.3156605      -20.1715832      -17.1208954    
          85   154.841003       49.0839996       5.68719991E-02           4  -21.8886795      -20.8361950      -18.5434456    
          86   155.276001      0.656000018       5.51870018E-02           4  -21.7219353      -20.4004745      -18.4416294    
          87   155.542007       38.5219994       5.60339987E-02           4  -22.0335789      -21.5255260      -18.5439186    
          88   155.830002       12.8350000       3.33850011E-02           6  -21.7433548      -20.7750473      -17.3282356    
          89   156.123993       41.7159996       4.59429994E-02           4  -22.2143402      -20.4900627      -18.0731621    
          90   156.212006       9.57699966       4.68829982E-02           4  -21.7728882      -20.7895164      -18.0872421    
          91   156.412003       10.3640003       4.74869981E-02           4  -21.5550785      -20.6569729      -18.1621799    
          92   156.468994       13.7290001       3.29379998E-02           5  -21.5072594      -21.0286674      -17.1758690    
          93   156.632004       10.9359999       3.34810019E-02           4  -20.7383080      -20.4717026      -17.3466511    
          94   156.757996       16.0739994       3.46850008E-02           5  -21.6226330      -21.3565273      -17.3956261    
          95   156.893005       1.21800005       2.33960003E-02           4  -20.7544537      -20.3719940      -16.4741802    
          96   157.238007       8.49600029       4.86330017E-02           6  -21.8447838      -21.1286583      -18.1661377    
          97   157.255997       3.13000011       7.38079995E-02           4  -22.1893063      -21.2779846      -19.1343174    
          98   157.287994       37.5620003       5.14619984E-02           4  -21.6235638      -20.3147736      -18.2858334    
          99   157.580002       21.1910000       4.35759984E-02           4  -21.8391247      -20.2545395      -17.8583965    
         100   157.811005       25.9540005       2.14549992E-02           7  -20.7699699      -20.4699841      -16.3020458    
         101   158.548004       61.6240005       3.13189998E-02           4  -21.6055679      -20.5037270      -17.1558933    
         102   158.563004       56.7130013       4.49439995E-02           4  -21.0088768      -19.7244186      -17.9387150    
         103   158.753998       4.80399990       3.10699996E-02           4  -20.5478306      -19.1704235      -17.1344299    
         104   158.940002       21.0709991       2.37680003E-02           4  -20.7424603      -19.6249561      -16.5061207    
         105   159.169998       5.53800011       3.07800006E-02           4  -20.8668041      -19.4217167      -17.1033859    
         106   159.817001     -0.305000007       1.99439991E-02           4  -21.4037285      -20.3106499      -16.1752625    
         107   160.091003       6.85599995       3.15000005E-02           4  -20.2888393      -20.2503700      -17.1861572    
         108   160.828995       57.6809998       4.69049998E-02           4  -21.5083218      -19.7348747      -18.1062775    
         109   160.942993       55.7949982       2.67159995E-02           4  -20.2037582      -19.8941040      -16.7900543    
         110   161.962997       30.6590004       3.51720005E-02           4  -21.0110569      -20.7916470      -17.4155750    
         111   162.307007       29.8560009       3.25330012E-02           5  -21.2055321      -20.0259972      -17.2464294    
         112   162.522995      0.330000013       4.08799984E-02           4  -22.0545807      -20.6078720      -17.8228130    
         113   162.865997       3.65000010       4.30810004E-02           5  -21.3091106      -20.3875656      -17.8958302    
         114   162.968994       50.9339981       2.56389994E-02           5  -21.3536701      -20.6038094      -16.8160477    
         115   164.292007       5.07900000       5.77890016E-02           4  -21.5493107      -20.0584259      -18.5901966    
         116   164.636993       1.39800000       4.19379994E-02           4  -21.5465279      -20.4660740      -17.6830120    
         117   164.813995       5.24200010       3.69860008E-02           4  -21.5665703      -19.7251720      -17.6260700    
         118   165.179001       10.4930000       3.76130007E-02           4  -22.0554733      -21.6650448      -17.6385174    
         119   165.324997       9.28699970       3.73790003E-02           5  -20.8989143      -20.1100922      -17.6007881    
         120   165.544006       37.9679985       2.95010004E-02           4  -20.4336624      -19.9886379      -17.0391617    
         121   166.210007       4.29400015       2.63759997E-02           4  -21.2157898      -20.3168182      -16.7655678    
         122   166.544998       9.06599998       7.54690021E-02           4  -22.3218613      -20.8948574      -19.1899033    
         123   166.705002       14.2250004       4.64570001E-02           4  -21.8005848      -20.4620686      -18.0789928    
         124   167.035995       55.9029999       5.06750010E-02           5  -21.6789608      -20.5725918      -18.2163601    
         125   167.104996       31.9810009       4.86680008E-02           4  -21.4696789      -21.1058693      -18.1518536    
         126   167.291000       26.6340008       3.86280008E-02           5  -21.5775261      -20.8662624      -17.6201515    
         127   167.470993       21.9610004       3.38970013E-02           4  -20.7315960      -20.4927902      -17.3278637    
         128   167.507996       36.9790001       3.07039991E-02           4  -21.0670128      -20.6396770      -17.1292610    
         129   167.781006       39.6080017       7.91210011E-02           4  -22.7218494      -21.9680595      -19.3105469    
         130   167.817993       3.94300008       5.37750013E-02           4  -21.8360176      -20.5694542      -18.4137917    
         131   168.022995       27.5790005       3.58249992E-02           4  -22.1207085      -20.4537220      -17.4663868    
         132   168.044006       35.4539986       2.52800006E-02           4  -21.5182037      -19.5641022      -16.6843243    
         133   168.171005       23.2700005       2.37300005E-02           4  -20.6533165      -20.0265884      -16.6557312    
         134   168.348007       2.55200005       7.91900009E-02           4  -22.3718395      -22.1299877      -19.1976490    
         135   168.367004       59.9280014       3.64920013E-02           4  -20.7850399      -20.2198486      -17.5210018    
         136   168.481003       39.4210014       7.65359998E-02           4  -22.3856716      -20.6395702      -19.1826897    
         137   168.750000       4.09800005       4.06650007E-02           5  -21.6088276      -20.1913757      -17.7533340    
         138   170.227005      0.462000012       2.55549997E-02           5  -20.6173954      -20.4647827      -16.7283173    
         139   170.591003       24.3090000       2.61899997E-02           6  -21.3831844      -20.9175587      -16.7718964    
         140   170.643005       59.2970009       5.07469997E-02           6  -21.4281826      -19.4723129      -18.2582989    
         141   170.778000       56.1910019       6.73739985E-02           4  -21.9654388      -21.1819363      -18.9107933    
         142   171.048996       37.9780006       3.64309996E-02           4  -21.2698231      -19.7901154      -17.5431538    
         143   171.119003       55.9570007       5.35520017E-02           5  -22.1033802      -21.6773090      -18.3887825    
         144   171.339005       32.2919998       4.50479984E-02           6  -21.4521809      -21.1898003      -18.0080643    
         145   171.600006       52.1500015       3.42950001E-02           4  -21.8939438      -19.9236107      -17.3660145    
         146   171.630005       54.7859993       4.74309996E-02           5  -21.1621857      -19.7738037      -18.0844707    
         147   171.925995       36.0789986       3.54229994E-02           4  -21.6282120      -20.8464508      -17.4651051    
         148   172.839005       56.4609985       6.09040000E-02           4  -22.0646267      -20.0981483      -18.6216183    
         149   173.166000       52.9399986       2.76689995E-02           5  -20.5906239      -20.3071766      -16.8741627    
         150   173.339996       34.2910004       2.93520000E-02           4  -20.9268703      -20.7682819      -17.1426449    
         151   173.641998       18.3929996       8.48689973E-02           4  -22.7961235      -21.4267464      -19.4500790    
         152   173.654999       48.9599991       3.15940008E-02           4  -21.0414009      -20.3647861      -16.9880314    
         153   173.692993       22.4930000       6.77419975E-02           4  -22.3401852      -20.4944916      -18.8670368    
         154   173.796997       51.2010002       2.73669995E-02           4  -21.6760235      -20.2172413      -16.8883553    
         155   173.990005       55.0680008       5.64129986E-02           4  -22.3774490      -21.3348351      -18.4599571    
         156   174.268997       19.9619999       2.19650008E-02           8  -20.1800880      -20.1588631      -16.3128986    
         157   174.276993       2.81999993       3.04799993E-02           4  -20.4815865      -19.5559177      -17.1050968    
         158   174.490997       11.2209997       3.67790014E-02           4  -21.1627846      -19.6634064      -17.5407238    
         159   174.514008       47.4280014       3.43759991E-02           6  -21.5704975      -21.1351528      -17.3855610    
         160   174.621002       20.4790001       2.68060006E-02           5  -21.3440285      -19.8765373      -16.6844482    
         161   174.804001       26.3509998       2.39380002E-02           6  -20.7299347      -20.5736961      -16.5701504    
         162   175.544998       10.3149996       2.16370001E-02           5  -21.7042065      -21.5097809      -16.3319263    
         163   175.772995       59.5639992       6.49849996E-02           4  -22.0809536      -20.7353268      -18.8861046    
         164   175.867004      -1.64400005       4.54000011E-02           6  -22.2603531      -20.3442459      -17.9952812    
         165   176.028000       33.5130005       3.25360000E-02           4  -22.2344627      -20.4275360      -17.2773247    
         166   176.119003       20.0939999       2.51729991E-02           4  -20.6544323      -19.9098473      -16.7364960    
         167   176.128998       33.3359985       3.25680003E-02           4  -21.6040077      -20.5184746      -17.3198509    
         168   176.524002       20.4190006       2.48130001E-02           4  -21.8220100      -20.2539539      -16.6556339    
         169   176.625000       35.7449989       3.68149988E-02           4  -20.8199081      -20.0512733      -17.5353184    
         170   176.860001       52.4529991       4.85780016E-02           4  -21.2687817      -21.2656269      -18.1571827    
         171   177.774994       21.1599998       2.26690006E-02           5  -19.6851559      -19.5858803      -16.6374931    
         172   178.901001       54.8899994       5.22530004E-02           4  -22.0112839      -21.1999493      -18.3657169    
         173   179.044006       60.4739990       3.31799984E-02           4  -22.5816021      -20.8247204      -17.2726746    
         174   179.136993       55.3790016       4.03600000E-03           5  -19.1406918      -18.9730568      -13.0538654    
         175   179.246994       1.11899996       4.05759998E-02           4  -20.9704533      -20.2647133      -17.7361774    
         176   179.649994       28.3619995       2.91040000E-02           7  -21.2147980      -20.8981380      -17.1311836    
         177   179.886002       55.5289993       8.08740035E-02           4  -23.0963230      -21.2965450      -19.3520966    
         178   180.343994       53.4780006       5.13520017E-02           4  -21.8929844      -20.4669590      -18.3030491    
         179   181.022003       2.43400002       8.41379985E-02           4  -22.8413887      -21.2567406      -19.4307499    
         180   181.410995       31.0429993       2.44159997E-02           4  -19.9077950      -19.6993256      -16.6291370    
         181   181.766006       67.2819977       8.70699994E-03           5  -19.7020798      -19.6514282      -14.4670219    
         182   182.244003       29.2409992       1.37700001E-02           4  -20.4334602      -20.1514378      -15.3553762    
         183   182.585999       5.36999989       7.67010003E-02           4  -22.9675980      -21.1374073      -19.1965771    
         184   182.656998       17.8759995       2.45740004E-02           4  -20.4591637      -19.8777809      -16.5055237    
         185   182.737000       30.8680000       7.52170011E-02           4  -22.2243195      -20.6438065      -19.2136917    
         186   183.195007       66.6979980       5.88390008E-02           8  -21.6339264      -20.7118855      -18.5902081    
         187   183.274002       13.2799997       8.40900000E-03           4  -20.9520493      -20.0685539      -13.9606228    
         188   183.322006       21.6660004       2.57830005E-02           4  -21.4231262      -19.4893780      -16.7723083    
         189   183.548004       13.5520000       4.40150015E-02           5  -21.5560665      -20.1835880      -17.8888206    
         190   183.852997       59.9749985       6.02339990E-02           5  -21.8958073      -21.1323338      -18.6772232    
         191   184.242996       44.0979996       6.75370023E-02           6  -22.0383625      -21.0532055      -18.9482746    
         192   184.294998       41.3580017       4.74120006E-02           4  -22.0333176      -19.7114239      -18.1387711    
         193   184.479996       21.9139996       5.21139987E-02           4  -21.4754887      -20.4491730      -18.2945194    
         194   184.634003       48.8629990       4.55799997E-02           4  -21.8141327      -20.1969643      -17.9858608    
         195   184.653000       40.4379997       6.85399994E-02           6  -22.1636543      -19.6882973      -18.9699898    
         196   184.921005       12.4200001       6.02179989E-02           4  -22.6292400      -20.8888817      -18.6385117    
         197   185.069000       56.1389999       3.45669985E-02           4  -21.0278358      -20.0113850      -17.3619308    
         198   185.509003       26.3630009       5.12659997E-02           4  -21.9652214      -20.8562336      -18.3045959    
         199   185.587997       28.8099995       6.49570003E-02           4  -22.1187496      -21.5882626      -18.8007927    
         200   185.903000       58.4029999       1.56159997E-02           5  -21.3138256      -20.3426914      -15.6217566    
         201   185.932007       7.07000017       4.44900012E-03           5  -18.8158321      -18.2505875      -13.2290573    
         202   186.626999       9.07100010       2.60969996E-02           4  -21.5426979      -21.3696785      -16.6906033    
         203   186.714005       31.0919991       6.18660003E-02           4  -22.0556469      -19.7309322      -18.7323017    
         204   187.154007       53.6349983       3.69350016E-02           4  -21.6932735      -19.6323547      -17.4781513    
         205   187.656006       12.3400002       6.24600006E-03           5  -19.9365654      -19.6374664      -13.8686333    
         206   187.733002       51.3489990       4.46529984E-02           4  -21.4430733      -20.9250622      -18.0266514    
         207   188.742004       50.8460007       4.05450016E-02           4  -21.9820557      -20.8977814      -17.7658672    
         208   188.783005       47.2970009       3.15820016E-02           5  -20.5259590      -18.9976578      -17.1896343    
         209   188.906998       35.3590012       6.17670007E-02           4  -21.8634777      -20.4596462      -18.7244568    
         210   189.039001       16.6450005       7.99459964E-02           5  -22.6831665      -20.8083591      -19.2235584    
         211   189.113998       48.5349998       3.99339981E-02           4  -21.5968742      -20.9980145      -17.8221874    
         212   189.473999       15.2040005       7.19339997E-02           5  -22.5643234      -20.6712952      -19.0783138    
         213   189.858994       17.2019997       7.18630031E-02           4  -22.2766991      -20.6515160      -19.0942364    
         214   190.688004       48.5800018       4.01960015E-02           4  -21.1058922      -20.9791870      -17.7543716    
         215   191.039001       9.04199982       4.80250008E-02           4  -21.3873920      -20.6355019      -18.1455765    
         216   191.322006       1.81799996       4.89500016E-02           4  -22.3574562      -20.1094494      -18.1537781    
         217   191.669006       9.84899998       2.52410006E-02           4  -20.7115097      -20.4238205      -16.7004414    
         218   193.188004       45.7560005       6.27389997E-02           4  -21.7926712      -20.6721420      -18.7462711    
         219   193.679993       58.8429985       8.92399997E-03           4  -18.2369251      -18.1272125      -14.4530067    
         220   194.210007       30.7169991       2.53979992E-02           5  -20.9482422      -20.6081772      -16.7036839    
         221   194.373001       27.4890003       2.53289994E-02           4  -22.0261002      -20.5735970      -16.6711254    
         222   194.714996       27.7999992       2.01910008E-02           4  -20.0918198      -19.4173775      -16.4314289    
         223   194.792007       27.7740002       2.28829999E-02           4  -20.4668198      -19.9116116      -16.3555489    
         224   195.324005       27.8619995       1.97669994E-02           4  -21.1504211      -20.3988419      -16.2157154    
         225   195.492004       27.6259995       2.58140005E-02           4  -21.8786240      -20.0795364      -16.9502621    
         226   195.880997       47.4169998       2.49719992E-02           4  -20.8617001      -19.9256687      -16.6958637    
         227   197.098007       4.37099981       2.51669995E-02           4  -19.8208847      -18.8817616      -16.6687946    
         228   197.106995       15.7069998       8.40699971E-02           4  -22.5731621      -21.0802574      -19.4610806    
         229   197.699005       34.6399994       3.77370007E-02           4  -21.2619038      -20.3147964      -17.6217632    
         230   197.705002       56.6310005       8.14139992E-02           5  -22.6613541      -21.3414288      -19.3508568    
         231   198.106003       11.7080002       3.19759995E-02           4  -21.6572723      -19.6903782      -17.2148876    
         232   199.393005       41.2770004       6.71750009E-02           5  -22.0871735      -20.9298019      -18.8544979    
         233   199.630997       7.96700001       4.50400002E-02           4  -21.8219223      -20.4669075      -18.0407925    
         234   199.703995       30.8250008       3.22949998E-02           5  -21.0448399      -20.8632088      -17.1716747    
         235   199.723007       43.2439995       5.27440012E-02           4  -21.4929466      -21.4323463      -18.3572292    
         236   201.181000       52.9910011       3.06449998E-02           4  -21.3895435      -19.6855316      -17.1197262    
         237   201.970993       34.3339996       3.50649990E-02           6  -21.0960827      -20.8171883      -17.3768158    
         238   202.975998      -2.87199998       8.68320018E-02           4  -22.6283817      -20.7443275      -19.5110760    
         239   202.981995       44.1010017       3.51170003E-02           4  -21.1306744      -20.0431595      -17.4433689    
         240   203.496002       3.31699991       2.29819994E-02           4  -21.5595894      -20.1153965      -16.2798138    
         241   203.772995       13.7760000       2.41199993E-02           6  -21.6682148      -21.6287956      -16.7007504    
         242   203.938004       13.3680000       4.33279984E-02           5  -21.5680122      -21.2933578      -17.8611679    
         243   203.959000       47.4350014       6.25450015E-02           4  -22.1395779      -21.3449860      -18.6925888    
         244   204.022003       59.2179985       7.17680007E-02           6  -22.9187069      -21.9259930      -19.0514488    
         245   204.057007       42.0120010       6.24389984E-02           4  -22.1787949      -19.6618366      -18.8148804    
         246   204.188995       24.9979992       7.55169988E-02           4  -22.7290916      -21.2404518      -19.1863346    
         247   204.322998       55.7140007       6.46689981E-02           4  -22.2825985      -20.4896774      -18.8869801    
         248   204.628998       26.7490005       3.00360005E-02           4  -21.3665009      -20.1939297      -17.0688763    
         249   204.682007       57.2830009       6.93190023E-02           5  -22.3671799      -21.2767487      -18.9932442    
         250   204.938004       30.0540009       3.49639989E-02           4  -21.1974373      -20.9781284      -17.4548283    
         251   204.944000       27.3829994       3.58569995E-02           4  -20.7182808      -18.4047356      -17.5457954    
         252   205.106003       5.05600023       2.39899997E-02           4  -20.5727749      -19.4706211      -16.6210594    
         253   205.186996       25.9529991       2.96790004E-02           4  -21.0919495      -20.0193310      -17.0619373    
         254   205.278000       30.3700008       4.10480015E-02           4  -21.7090187      -20.4020138      -17.7605953    
         255   205.300995       52.0940018       6.04889989E-02           6  -22.1363029      -21.5398312      -18.6164608    
         256   205.742996       49.0579987       6.33099973E-02           4  -22.1795349      -20.2246704      -18.7569008    
         257   206.091995       20.3619995       2.77759992E-02           4  -20.8984222      -20.4128456      -16.8678627    
         258   206.162994       37.1870003       2.72519998E-02           4  -20.5777817      -20.2753754      -16.8631840    
         259   206.362000       56.6370010       3.54410000E-02           4  -21.8969250      -19.4489422      -17.4888439    
         260   206.574005       17.9589996       2.76640002E-02           4  -20.2757282      -18.2931080      -16.8981953    
         261   206.695999       22.7329998       2.83560008E-02           5  -20.9659653      -19.8668385      -16.9586411    
         262   207.729996       2.32299995       3.39840017E-02           5  -20.8923168      -20.8706112      -17.4290771    
         263   208.042007       2.40400004       2.46300008E-02           5  -21.9707108      -20.1060791      -16.6403561    
         264   208.233002       24.5349998       5.67869991E-02           4  -21.7617931      -19.8377190      -18.5018330    
         265   208.677994       21.8169994       2.85459999E-02           4  -21.2150211      -20.5665531      -16.9504528    
         266   209.024002       24.6380005       6.47760034E-02           5  -22.0353985      -21.1276398      -18.8347034    
         267   209.145004       23.3540001       6.70680031E-02           7  -22.0817966      -20.4823303      -18.9006500    
         268   209.190994       23.2530003       6.32629991E-02           4  -22.8244209      -20.1585197      -18.8794193    
         269   209.533005       21.6849995       6.68020025E-02           5  -22.1331768      -21.5172138      -18.8969326    
         270   209.552994       18.3360004       6.37670010E-02           4  -21.8312817      -20.4865379      -18.8465614    
         271   209.914993       59.2789993       3.63529995E-02           4  -21.5132828      -20.1436729      -17.4799252    
         272   210.139008      -2.85999990       2.53400002E-02           6  -22.0486622      -20.5879650      -16.6517200    
         273   210.442993       38.6839981       1.92660000E-02           4  -20.4975243      -18.3381443      -16.2004032    
         274   210.550995       45.5629997       6.58460036E-02           4  -22.0014763      -19.6048603      -18.8523941    
         275   210.725998       9.36699963       2.08190009E-02           5  -21.3738499      -21.3602104      -16.1827126    
         276   211.470993       65.7389984       3.13970000E-02           4  -21.6330166      -20.3634319      -17.1803856    
         277   211.582001       54.9290009       6.88799983E-03           4  -20.4809303      -20.2237644      -13.0921144    
         278   211.746994      0.851000011       4.90150005E-02           5  -21.3109932      -19.9494858      -18.1905994    
         279   212.319000       55.2439995       4.25870009E-02           4  -21.3075047      -19.6764736      -17.8722153    
         280   212.925003       27.9839993       6.59110025E-02           5  -22.3688736      -20.9335117      -18.8918591    
         281   213.580994       2.96499991       2.69300006E-02           4  -20.4166126      -19.9007320      -16.7283897    
         282   213.707993       60.0089989       3.68430018E-02           5  -21.8379803      -20.9021721      -17.5613003    
         283   213.815002       4.92399979       5.73990010E-02           4  -21.7175770      -20.7614899      -18.5640697    
         284   214.794006       45.9000015       2.71530002E-02           5  -20.8040924      -20.1422062      -16.8610764    
         285   214.794006       7.06300020       2.60899998E-02           4  -20.5964470      -20.5050583      -16.8427181    
         286   214.852997       35.1080017       2.90130004E-02           5  -21.5429840      -20.6880398      -17.0028458    
         287   215.179001       5.46000004       2.82429997E-02           4  -20.3716717      -19.7896481      -16.9509506    
         288   215.679001       40.3670006       1.87749993E-02           4  -21.0565910      -21.0445213      -15.9385967    
         289   216.251007       27.8230000       3.84080000E-02           4  -21.2145309      -21.1869011      -17.5610580    
         290   216.259003       47.9280014       7.15750009E-02           4  -22.0970440      -20.6919880      -19.0504761    
         291   216.863007       11.3219995       2.76970007E-02           4  -21.4901123      -21.2130489      -16.7151794    
         292   217.386002       35.5320015       2.91629992E-02           5  -21.0097218      -20.9546642      -17.0319767    
         293   217.494995       53.9780006       4.31470014E-02           4  -22.0075989      -19.8368587      -17.7958851    
         294   217.684006       11.9099998       2.68150009E-02           4  -22.1945419      -20.4996529      -16.8716030    
         295   217.973999       16.8040009       4.89589982E-02           4  -22.1848259      -20.1039333      -18.1797161    
         296   218.485001       40.1599998       2.60099992E-02           4  -20.9950714      -20.5899868      -16.7627850    
         297   218.970993       24.7399998       3.54549997E-02           5  -22.0071812      -20.6192513      -17.4365768    
         298   219.044998       21.8290005       1.82760004E-02           4  -20.9120617      -19.2468414      -15.9236002    
         299   219.046005       60.4720001       4.95980009E-02           4  -21.8614998      -21.4072285      -18.2131691    
         300   219.429001       15.8950005       3.76639999E-02           4  -21.0152683      -20.8376732      -17.5650902    
         301   219.595001       23.3810005       3.11329998E-02           4  -21.5133400      -20.1794662      -17.1369801    
         302   219.688995       56.0270004       4.31669988E-02           4  -20.9485435      -19.3077869      -17.9055576    
         303   219.962006       21.5680008       4.05750014E-02           4  -21.1963463      -20.4951420      -17.7504005    
         304   220.445007       9.40699959       2.99420003E-02           4  -21.1671143      -21.1342735      -17.2180958    
         305   221.147003       40.8059998       2.48479992E-02           4  -20.2039642      -18.9278126      -16.6273499    
         306   221.800003       20.2749996       4.38629985E-02           4  -20.9856701      -19.9621315      -17.8941174    
         307   221.959000       19.0459995       4.28350009E-02           7  -21.0052242      -20.9362183      -17.9369335    
         308   222.524994      0.575999975       4.05309983E-02           5  -21.2464390      -20.5830898      -17.7485504    
         309   223.074997     -0.259999990       4.41370010E-02           4  -21.4923916      -21.2670956      -17.9937458    
         310   223.233994       16.6970005       4.45640013E-02           4  -21.6178589      -21.0349159      -17.9711113    
         311   223.406998       3.00799990       2.86340006E-02           5  -21.6122017      -20.2089634      -17.0465336    
         312   223.440994       3.79999988E-02   4.45660017E-02           6  -21.2345905      -20.7423992      -18.0189705    
         313   224.018997       18.0639992       5.42379990E-02           4  -21.7976036      -20.2009048      -18.4099922    
         314   224.132996       6.46000004       4.66459990E-02           5  -21.5837364      -21.2084579      -18.0757351    
         315   224.514008       1.51100004       4.41519991E-02           4  -21.2749557      -20.4588051      -17.9792519    
         316   224.871002       16.6280003       3.40760015E-02           4  -22.2816563      -20.5367031      -17.4002647    
         317   225.235001       8.58899975       5.60830012E-02           4  -21.9534931      -19.9614563      -18.4961262    
         318   225.753006      -2.55200005       4.04010005E-02           5  -20.9365253      -19.3266068      -17.7539139    
         319   226.143005       17.7159996       3.87249999E-02           5  -21.2215595      -20.8102589      -17.6129475    
         320   226.442001       1.86800003       4.80500003E-03           4  -20.2107849      -18.9580193      -13.0340796    
         321   226.518997       3.68199992       3.64530012E-02           4  -21.4958172      -21.4848518      -17.4722576    
         322   226.567001       46.3510017       3.70430015E-02           4  -21.0450172      -19.8803329      -17.5707912    
         323   226.617996       9.66199970       4.49680015E-02           4  -21.6646690      -20.9788094      -18.0005455    
         324   226.686996       3.81699991       3.67590003E-02           4  -21.0770245      -20.6947041      -17.5861263    
         325   226.921997       14.6510000       4.50769998E-02           5  -21.1813202      -20.5115509      -18.0372353    
         326   227.363998       7.55000019       7.86809996E-02           5  -22.6006031      -20.9125957      -19.3078041    
         327   227.462997       1.37399995       2.87539996E-02           4  -20.3795280      -19.6061001      -16.9731770    
         328   227.675003       15.6379995      0.121505000               4  -23.3015194      -21.4143734      -20.3561096    
         329   227.845993       11.3549995       4.63480018E-02           5  -21.4781418      -20.9290581      -18.0308952    
         330   228.921997       8.31400013       3.48200016E-02           4  -21.0505047      -19.7660198      -17.3997440    
         331   229.070007       6.77899981       3.44300009E-02           4  -20.7995262      -19.8824539      -17.4718208    
         332   229.626007       58.3919983       5.92840016E-02           4  -21.8225746      -21.0818844      -18.5460739    
         333   229.867004       20.8889999       4.05419990E-02           4  -22.5214863      -21.2140903      -17.7670937    
         334   230.087006       3.47700000       3.72270010E-02           4  -22.3594379      -21.0405903      -17.5428505    
         335   230.356003       21.2159996       4.20270003E-02           6  -21.8187790      -20.8148937      -17.9534512    
         336   230.727997       7.34600019       7.67339990E-02           4  -22.5648861      -21.0664463      -19.1971855    
         337   231.309006       48.4420013       3.74480002E-02           4  -21.3600883      -20.8503685      -17.5738468    
         338   231.891998       18.6229992       5.47830015E-02           4  -22.2165604      -20.6290035      -16.4885559    
         339   232.044006       42.9679985       1.84489992E-02           4  -20.5889778      -20.2652626      -16.0823650    
         340   232.289993       29.6590004       6.63869977E-02           4  -22.3734417      -21.3264046      -18.8567696    
         341   232.360001       7.57700014       4.39089984E-02           4  -22.7750225      -21.4140511      -17.8991661    
         342   232.613998     -0.777000010       7.78179988E-02           6  -22.4530582      -21.5313339      -19.2165451    
         343   233.216995       44.5569992       3.75920013E-02           6  -21.3308010      -20.9405403      -17.5999088    
         344   233.473999       32.8139992       6.43989965E-02           4  -22.2285500      -20.4410858      -18.8509541    
         345   233.938004       3.36100006       4.48749997E-02           5  -21.0001926      -19.9928169      -17.9918880    
         346   234.147003       43.3959999       1.92690007E-02           6  -21.5271912      -20.9350395      -16.1318855    
         347   234.401993       14.3620005       5.25370017E-02           4  -21.7474880      -20.4483128      -18.3496971    
         348   235.158005     -0.131999999       7.85750002E-02           4  -22.3852425      -20.1013718      -19.2275562    
         349   235.511002       48.5070000       3.81760001E-02           4  -21.6087093      -20.7837143      -17.6156921    
         350   235.626007       23.7509995       2.38019992E-02           5  -21.1238194      -20.5726051      -16.5956593    
         351   235.852997       22.7530003       3.46530005E-02           4  -21.5068645      -19.6374474      -17.4065189    
         352   235.931000       4.23899984       4.26889993E-02           4  -20.9486313      -20.1586819      -17.9296322    
         353   235.990997       34.4840012       6.78599998E-02           4  -22.0110664      -20.5615311      -18.9250050    
         354   236.130997       25.3479996       3.24530005E-02           4  -22.0178680      -20.0780239      -17.2471962    
         355   237.576996       27.2339993       7.33999982E-02           5  -22.2915668      -21.3372917      -19.0845337    
         356   237.638000       26.7859993       7.24480003E-02           5  -22.2430229      -20.8573227      -19.0545082    
         357   238.667999       39.7639999       3.29039991E-02           4  -20.7684193      -20.4914951      -17.2655144    
         358   239.154007       41.9150009       3.54750007E-02           6  -21.1786079      -20.5645885      -17.3997841    
         359   239.160004       46.3680000       4.04560007E-02           6  -21.4548912      -20.7135487      -17.8703156    
         360   239.628006       27.5809994       3.14439982E-02           4  -21.2350597      -20.1411591      -17.1140079    
         361   239.923996       31.7950001       5.57719991E-02           6  -21.5313702      -20.7169762      -18.4563427    
         362   240.494995       15.6960001       3.47459987E-02           7  -21.3771954      -20.7304955      -17.4259148    
         363   240.755997       33.1349983       5.46890013E-02           4  -22.0473976      -21.5547962      -18.4804554    
         364   241.106003       14.7900000       1.56750008E-02           4  -19.6871510      -19.5236130      -15.5947847    
         365   241.356003       17.9419994       3.99789996E-02           4  -21.9992085      -20.9279251      -17.7110710    
         366   241.459000       27.2070007       3.09999995E-02           4  -20.2547398      -18.4560642      -17.2425003    
         367   241.518005       33.4189987       6.00199997E-02           4  -21.7668724      -19.1784973      -18.6568623    
         368   241.578003       18.1819992       3.96250002E-02           4  -21.2304707      -19.8033428      -17.6408062    
         369   241.807999       18.6520004       3.85299996E-02           4  -21.6082649      -20.2891254      -17.6522045    
         370   241.966003       38.9749985       3.81999984E-02           6  -21.6894093      -20.3486576      -17.5343170    
         371   242.731995       52.4529991       6.37449995E-02           4  -22.9462681      -20.6469803      -18.8104229    
         372   243.084000       28.4769993       5.33510000E-02           4  -21.9611721      -21.5739346      -18.3804913    
         373   243.210007       33.0349998       3.16210017E-02           4  -21.4886341      -20.5595074      -17.1819019    
         374   243.218994       11.1210003       4.19429988E-02           4  -22.0428181      -20.8663425      -17.9073601    
         375   243.231003       30.7530003       4.96870019E-02           5  -21.5735607      -20.0023136      -18.1524029    
         376   243.408005       51.4430008       5.04509993E-02           4  -21.3579350      -21.0205975      -18.2156715    
         377   244.996994       37.7739983       3.07759997E-02           4  -21.4237576      -21.0855541      -17.0700912    
         378   245.231003       39.9080009       3.05000003E-02           4  -20.4844360      -19.7194080      -16.9898052    
         379   245.257996       21.3260002       3.21119986E-02           4  -21.0124645      -19.3472004      -17.1905956    
         380   246.281998       40.8940010       2.90520005E-02           4  -22.4533863      -20.9367313      -17.0035667    
         381   246.455994       43.9630013       3.17349993E-02           4  -20.5243931      -20.4242821      -17.1747952    
         382   246.621994       40.8839989       3.02499998E-02           4  -20.6792736      -18.0907803      -17.1907902    
         383   246.645004       33.5000000       5.14959991E-02           4  -21.3947601      -19.4734001      -18.3042603    
         384   246.852005       14.1099997       5.06719984E-02           4  -21.4771004      -19.9322090      -18.2378635    
         385   247.199005       25.5480003       4.02599983E-02           5  -21.3657551      -20.4320774      -17.7422352    
         386   247.207001       21.5249996       3.69619988E-02           4  -21.5413284      -19.7175312      -17.5674095    
         387   247.229996       42.7980003       3.14339995E-02           4  -20.9073792      -19.7714615      -17.1143684    
         388   247.660004       26.0510006       4.82899994E-02           4  -21.5978374      -21.3500671      -18.2139606    
         389   248.014999       13.6560001       5.26439995E-02           4  -22.1958599      -19.9095783      -18.2287579    
         390   248.391998       39.2360001       3.07110008E-02           4  -21.1978989      -20.1872349      -17.1895580    
         391   248.712006       26.2880001       4.38629985E-02           4  -21.6305523      -20.2483158      -17.8384628    
         392   248.819000       31.0270004       9.91730019E-02           4  -23.2675095      -21.8627872      -19.8571033    
         393   249.473007       36.0550003       3.21170017E-02           4  -22.2502537      -21.2297516      -17.2304897    
         394   251.171005       38.9150009       3.83660011E-02           4  -21.3078308      -20.1175289      -17.6412468    
         395   251.798996       33.9329987       6.70199990E-02           5  -22.4116554      -20.2406578      -18.9319744    
         396   252.343994       26.5919991       5.47109991E-02           6  -21.9795132      -20.9806519      -18.5026875    
         397   253.054993       23.3519993       3.58380005E-02           5  -22.0574055      -20.1468868      -17.5236263    
         398   253.542999       39.7919998       3.34430002E-02           4  -22.0127239      -20.1428432      -17.2775269    
         399   254.365005       40.7169991       2.99950000E-02           4  -21.1622181      -21.1143761      -17.0388985    
         400   255.020996       37.8040009       6.36140034E-02           4  -22.0773010      -21.0887337      -18.7766609    
         401   255.134003       24.4139996       4.78879996E-02           5  -21.3252182      -20.1282864      -18.1241570    
         402   255.227997       39.5719986       3.44359986E-02           6  -21.6597538      -20.0798454      -17.3365917    
         403   255.996002       25.0510006       3.82370017E-02           5  -21.9337177      -21.0332851      -17.6253471    
         404   256.052002       38.8689995       3.49120013E-02           4  -20.5722904      -20.4333248      -17.4357567    
         405   256.308014       23.1609993       3.08919996E-02           4  -21.2023258      -20.0820541      -17.1541653    
         406   256.451996       22.2749996       4.91099991E-02           6  -22.0771770      -21.8832569      -18.1502705    
         407   119.112000       44.0830002       4.78769988E-02           7  -21.5418777      -21.4813652      -18.1835690    
         408   120.931000       10.0000000       3.50820012E-02           5  -21.8298740      -19.9614754      -17.4305439    
         409   129.291000       47.1679993       5.25510013E-02           4  -21.5884247      -20.9492168      -18.3494129    
         410   134.503998       30.3470001       8.73339996E-02           4  -22.7030125      -20.9765778      -19.4527969    
         411   138.550995       7.07600021       5.71909994E-02           4  -22.0149822      -21.2598228      -18.5218277    
         412   143.449005       1.62800002       7.39120021E-02           6  -22.1617870      -21.4831467      -19.1539879    
         413   144.108994       59.4000015       4.13319990E-02           5  -20.9644375      -19.4781742      -17.8070965    
         414   144.964996       16.7830009       4.99319993E-02           4  -21.8301392      -21.0816269      -18.2488232    
         415   155.544006       17.8309994       2.80549992E-02           5  -20.2606487      -20.0900307      -16.9272137    
         416   158.264008       12.0620003       3.36269997E-02           4  -21.1280575      -19.9835854      -17.3349838    
         417   158.494003       59.4129982       4.49719988E-02           6  -21.9049339      -21.7642937      -18.0208416    
         418   162.391006       16.2530003       2.26649996E-02           5  -21.1054573      -20.7383881      -16.4873943    
         419   165.035995       24.1840000       4.46610004E-02           4  -21.4869804      -19.8319073      -17.9374809    
         420   167.654007       10.0889997       4.80690002E-02           4  -21.4537201      -20.4691696      -18.1503849    
         421   170.201004       46.8370018       5.43430001E-02           4  -21.8233070      -21.1762619      -18.4309349    
         422   172.229004       52.2519989       4.82579991E-02           4  -21.4806042      -19.9947891      -18.1201553    
         423   172.503006       44.1839981       4.55420017E-02           6  -21.5743046      -20.6472187      -18.0140877    
         424   175.378998       25.8950005       2.39170007E-02           4  -19.6177025      -19.3001575      -16.5648670    
         425   178.190002       20.1930008       5.10860011E-02           4  -21.8702908      -20.9380627      -18.3032818    
         426   182.016006       9.76799965       7.04820007E-02           4  -22.3787060      -21.6724892      -19.0715694    
         427   184.727005       5.25899982       7.68269971E-02           5  -22.8501015      -21.9122963      -19.2328472    
         428   186.891998       50.3989983       4.09290008E-02           4  -21.4926224      -19.8681011      -17.7962837    
         429   195.334000       39.9199982       3.73230018E-02           4  -21.0581512      -20.4951859      -17.5849266    
         430   196.681000       7.44299984       4.69629988E-02           5  -21.2663002      -20.1113758      -18.0264683    
         431   199.378006       20.6219997       2.37089992E-02           7  -20.7934017      -20.7711391      -16.5453453    
         432   200.276001       12.1960001       6.22729994E-02           4  -22.3283920      -21.2870064      -18.7248611    
         433   205.056000       56.7989998       6.96600005E-02           7  -22.2046528      -21.6516666      -19.0017529    
         434   205.384003       23.2110004       3.31909992E-02           5  -20.8622208      -20.7916031      -17.3394928    
         435   206.182999       40.4560013       7.63479993E-02           4  -22.5838146      -20.2400475      -19.1820354    
         436   207.619003       24.9480000       3.05519998E-02           4  -21.0477333      -20.7993793      -17.1240921    
         437   208.565994       28.2970009       7.51999989E-02           4  -22.2403336      -21.3549633      -19.1800594    
         438   211.225006       24.2119999       6.28079996E-02           4  -22.0342636      -21.0736885      -18.7227955    
         439   213.298996       27.3449993       5.57609983E-02           5  -21.6554604      -20.6434135      -18.4650841    
         440   214.927994       28.8640003       5.74639998E-02           4  -21.7950516      -20.6412430      -18.5555611    
         441   215.257996       17.6840000       5.33259995E-02           4  -21.5315113      -20.2688770      -18.4347172    
         442   218.481995       28.0000000       3.22580002E-02           4  -21.3017616      -21.2681713      -17.2443390    
         443   221.617996       23.8910007       4.87370007E-02           4  -21.4312191      -20.8411293      -18.1863689    
         444   221.921005       9.59899998       2.95630004E-02           5  -20.6888428      -20.5927658      -17.0458088    
         445   222.139008       11.3350000       5.27269989E-02           5  -22.2909088      -20.4998379      -18.2103806    
         446   222.697998       10.1269999       5.39770015E-02           5  -21.5347729      -21.4431152      -18.5230179    
         447   223.602005       49.3940010       3.76330018E-02           6  -20.9199028      -20.2467365      -17.5485554    
         448   224.192001       24.6410007       3.37660015E-02           6  -20.7561703      -20.5864773      -17.3722191    
         449   226.662003       9.44799995       2.83840001E-02           4  -20.1599102      -18.5925465      -16.9279423    
         450   227.819000       10.5500002       6.95680007E-02           5  -22.1569252      -21.8058624      -18.9934807    
         451   232.660004       3.48099995       8.84070024E-02           4  -22.8166809      -21.5315895      -19.5579929    
         452   236.268997       16.9510002       4.90819998E-02           4  -22.2292004      -20.7020359      -18.2570763    
         453   237.044998       9.13099957       4.11200002E-02           7  -21.6144085      -20.7548237      -17.8474102    
         454   238.173996     -0.527999997       7.87260011E-02           5  -22.4696369      -21.2946568      -19.2917252    
         455   240.104004       33.2239990       8.82840008E-02           7  -22.7336674      -22.0428181      -19.5638905    
         456   242.487000       30.1250000       4.81199995E-02           4  -21.5214710      -19.7938805      -18.1338615    
         457   243.613998       50.4710007       5.97269982E-02           4  -22.0172272      -20.5295391      -18.6591663    
         458   243.981003       38.5369987       3.47819999E-02           7  -20.5701828      -20.0884705      -17.4099808    
         459   244.410004       50.6409988       4.13619988E-02           4  -21.4404526      -20.1208439      -17.9339352    
         460   245.283005       13.1590004       3.43520008E-02           5  -20.7777615      -19.8392735      -17.4721737    
         461   247.546997       36.2470016       7.52649978E-02           4  -22.4765339      -20.0260029      -19.1431103    
         462   250.332001       13.4239998       5.07959984E-02           5  -22.2758217      -21.4269886      -18.2061253    
 #ngg,alcm,delcm,zdcm,nmi,rabs1,rabs2
